1	1e-08	1	0.2	8
1	1e-08	1	0.2	16
1	1e-08	1	0.2	24
1	1e-08	1	0.2	32
1	1e-08	1	0.2	40
1	1e-08	1	0.2	48
1	1e-08	1	0.2	56
1	1e-08	1	0.2	64
1	1e-08	1	0.3	8
1	1e-08	1	0.3	16
1	1e-08	1	0.3	24
1	1e-08	1	0.3	32
1	1e-08	1	0.3	40
1	1e-08	1	0.3	48
1	1e-08	1	0.3	56
1	1e-08	1	0.3	64
1	1e-08	1	0.4	8
1	1e-08	1	0.4	16
1	1e-08	1	0.4	24
1	1e-08	1	0.4	32
1	1e-08	1	0.4	40
1	1e-08	1	0.4	48
1	1e-08	1	0.4	56
1	1e-08	1	0.4	64
1	1e-08	1	0.5	8
1	1e-08	1	0.5	16
1	1e-08	1	0.5	24
1	1e-08	1	0.5	32
1	1e-08	1	0.5	40
1	1e-08	1	0.5	48
1	1e-08	1	0.5	56
1	1e-08	1	0.5	64
1	1e-08	2	0.2	8
1	1e-08	2	0.2	16
1	1e-08	2	0.2	24
1	1e-08	2	0.2	32
1	1e-08	2	0.2	40
1	1e-08	2	0.2	48
1	1e-08	2	0.2	56
1	1e-08	2	0.2	64
1	1e-08	2	0.3	8
1	1e-08	2	0.3	16
1	1e-08	2	0.3	24
1	1e-08	2	0.3	32
1	1e-08	2	0.3	40
1	1e-08	2	0.3	48
1	1e-08	2	0.3	56
1	1e-08	2	0.3	64
1	1e-08	2	0.4	8
1	1e-08	2	0.4	16
1	1e-08	2	0.4	24
1	1e-08	2	0.4	32
1	1e-08	2	0.4	40
1	1e-08	2	0.4	48
1	1e-08	2	0.4	56
1	1e-08	2	0.4	64
1	1e-08	2	0.5	8
1	1e-08	2	0.5	16
1	1e-08	2	0.5	24
1	1e-08	2	0.5	32
1	1e-08	2	0.5	40
1	1e-08	2	0.5	48
1	1e-08	2	0.5	56
1	1e-08	2	0.5	64
1	1e-08	3	0.2	8
1	1e-08	3	0.2	16
1	1e-08	3	0.2	24
1	1e-08	3	0.2	32
1	1e-08	3	0.2	40
1	1e-08	3	0.2	48
1	1e-08	3	0.2	56
1	1e-08	3	0.2	64
1	1e-08	3	0.3	8
1	1e-08	3	0.3	16
1	1e-08	3	0.3	24
1	1e-08	3	0.3	32
1	1e-08	3	0.3	40
1	1e-08	3	0.3	48
1	1e-08	3	0.3	56
1	1e-08	3	0.3	64
1	1e-08	3	0.4	8
1	1e-08	3	0.4	16
1	1e-08	3	0.4	24
1	1e-08	3	0.4	32
1	1e-08	3	0.4	40
1	1e-08	3	0.4	48
1	1e-08	3	0.4	56
1	1e-08	3	0.4	64
1	1e-08	3	0.5	8
1	1e-08	3	0.5	16
1	1e-08	3	0.5	24
1	1e-08	3	0.5	32
1	1e-08	3	0.5	40
1	1e-08	3	0.5	48
1	1e-08	3	0.5	56
1	1e-08	3	0.5	64
1	1e-08	4	0.2	8
1	1e-08	4	0.2	16
1	1e-08	4	0.2	24
1	1e-08	4	0.2	32
1	1e-08	4	0.2	40
1	1e-08	4	0.2	48
1	1e-08	4	0.2	56
1	1e-08	4	0.2	64
1	1e-08	4	0.3	8
1	1e-08	4	0.3	16
1	1e-08	4	0.3	24
1	1e-08	4	0.3	32
1	1e-08	4	0.3	40
1	1e-08	4	0.3	48
1	1e-08	4	0.3	56
1	1e-08	4	0.3	64
1	1e-08	4	0.4	8
1	1e-08	4	0.4	16
1	1e-08	4	0.4	24
1	1e-08	4	0.4	32
1	1e-08	4	0.4	40
1	1e-08	4	0.4	48
1	1e-08	4	0.4	56
1	1e-08	4	0.4	64
1	1e-08	4	0.5	8
1	1e-08	4	0.5	16
1	1e-08	4	0.5	24
1	1e-08	4	0.5	32
1	1e-08	4	0.5	40
1	1e-08	4	0.5	48
1	1e-08	4	0.5	56
1	1e-08	4	0.5	64
1	1e-07	1	0.2	8
1	1e-07	1	0.2	16
1	1e-07	1	0.2	24
1	1e-07	1	0.2	32
1	1e-07	1	0.2	40
1	1e-07	1	0.2	48
1	1e-07	1	0.2	56
1	1e-07	1	0.2	64
1	1e-07	1	0.3	8
1	1e-07	1	0.3	16
1	1e-07	1	0.3	24
1	1e-07	1	0.3	32
1	1e-07	1	0.3	40
1	1e-07	1	0.3	48
1	1e-07	1	0.3	56
1	1e-07	1	0.3	64
1	1e-07	1	0.4	8
1	1e-07	1	0.4	16
1	1e-07	1	0.4	24
1	1e-07	1	0.4	32
1	1e-07	1	0.4	40
1	1e-07	1	0.4	48
1	1e-07	1	0.4	56
1	1e-07	1	0.4	64
1	1e-07	1	0.5	8
1	1e-07	1	0.5	16
1	1e-07	1	0.5	24
1	1e-07	1	0.5	32
1	1e-07	1	0.5	40
1	1e-07	1	0.5	48
1	1e-07	1	0.5	56
1	1e-07	1	0.5	64
1	1e-07	2	0.2	8
1	1e-07	2	0.2	16
1	1e-07	2	0.2	24
1	1e-07	2	0.2	32
1	1e-07	2	0.2	40
1	1e-07	2	0.2	48
1	1e-07	2	0.2	56
1	1e-07	2	0.2	64
1	1e-07	2	0.3	8
1	1e-07	2	0.3	16
1	1e-07	2	0.3	24
1	1e-07	2	0.3	32
1	1e-07	2	0.3	40
1	1e-07	2	0.3	48
1	1e-07	2	0.3	56
1	1e-07	2	0.3	64
1	1e-07	2	0.4	8
1	1e-07	2	0.4	16
1	1e-07	2	0.4	24
1	1e-07	2	0.4	32
1	1e-07	2	0.4	40
1	1e-07	2	0.4	48
1	1e-07	2	0.4	56
1	1e-07	2	0.4	64
1	1e-07	2	0.5	8
1	1e-07	2	0.5	16
1	1e-07	2	0.5	24
1	1e-07	2	0.5	32
1	1e-07	2	0.5	40
1	1e-07	2	0.5	48
1	1e-07	2	0.5	56
1	1e-07	2	0.5	64
1	1e-07	3	0.2	8
1	1e-07	3	0.2	16
1	1e-07	3	0.2	24
1	1e-07	3	0.2	32
1	1e-07	3	0.2	40
1	1e-07	3	0.2	48
1	1e-07	3	0.2	56
1	1e-07	3	0.2	64
1	1e-07	3	0.3	8
1	1e-07	3	0.3	16
1	1e-07	3	0.3	24
1	1e-07	3	0.3	32
1	1e-07	3	0.3	40
1	1e-07	3	0.3	48
1	1e-07	3	0.3	56
1	1e-07	3	0.3	64
1	1e-07	3	0.4	8
1	1e-07	3	0.4	16
1	1e-07	3	0.4	24
1	1e-07	3	0.4	32
1	1e-07	3	0.4	40
1	1e-07	3	0.4	48
1	1e-07	3	0.4	56
1	1e-07	3	0.4	64
1	1e-07	3	0.5	8
1	1e-07	3	0.5	16
1	1e-07	3	0.5	24
1	1e-07	3	0.5	32
1	1e-07	3	0.5	40
1	1e-07	3	0.5	48
1	1e-07	3	0.5	56
1	1e-07	3	0.5	64
1	1e-07	4	0.2	8
1	1e-07	4	0.2	16
1	1e-07	4	0.2	24
1	1e-07	4	0.2	32
1	1e-07	4	0.2	40
1	1e-07	4	0.2	48
1	1e-07	4	0.2	56
1	1e-07	4	0.2	64
1	1e-07	4	0.3	8
1	1e-07	4	0.3	16
1	1e-07	4	0.3	24
1	1e-07	4	0.3	32
1	1e-07	4	0.3	40
1	1e-07	4	0.3	48
1	1e-07	4	0.3	56
1	1e-07	4	0.3	64
1	1e-07	4	0.4	8
1	1e-07	4	0.4	16
1	1e-07	4	0.4	24
1	1e-07	4	0.4	32
1	1e-07	4	0.4	40
1	1e-07	4	0.4	48
1	1e-07	4	0.4	56
1	1e-07	4	0.4	64
1	1e-07	4	0.5	8
1	1e-07	4	0.5	16
1	1e-07	4	0.5	24
1	1e-07	4	0.5	32
1	1e-07	4	0.5	40
1	1e-07	4	0.5	48
1	1e-07	4	0.5	56
1	1e-07	4	0.5	64
1	1e-06	1	0.2	8
1	1e-06	1	0.2	16
1	1e-06	1	0.2	24
1	1e-06	1	0.2	32
1	1e-06	1	0.2	40
1	1e-06	1	0.2	48
1	1e-06	1	0.2	56
1	1e-06	1	0.2	64
1	1e-06	1	0.3	8
1	1e-06	1	0.3	16
1	1e-06	1	0.3	24
1	1e-06	1	0.3	32
1	1e-06	1	0.3	40
1	1e-06	1	0.3	48
1	1e-06	1	0.3	56
1	1e-06	1	0.3	64
1	1e-06	1	0.4	8
1	1e-06	1	0.4	16
1	1e-06	1	0.4	24
1	1e-06	1	0.4	32
1	1e-06	1	0.4	40
1	1e-06	1	0.4	48
1	1e-06	1	0.4	56
1	1e-06	1	0.4	64
1	1e-06	1	0.5	8
1	1e-06	1	0.5	16
1	1e-06	1	0.5	24
1	1e-06	1	0.5	32
1	1e-06	1	0.5	40
1	1e-06	1	0.5	48
1	1e-06	1	0.5	56
1	1e-06	1	0.5	64
1	1e-06	2	0.2	8
1	1e-06	2	0.2	16
1	1e-06	2	0.2	24
1	1e-06	2	0.2	32
1	1e-06	2	0.2	40
1	1e-06	2	0.2	48
1	1e-06	2	0.2	56
1	1e-06	2	0.2	64
1	1e-06	2	0.3	8
1	1e-06	2	0.3	16
1	1e-06	2	0.3	24
1	1e-06	2	0.3	32
1	1e-06	2	0.3	40
1	1e-06	2	0.3	48
1	1e-06	2	0.3	56
1	1e-06	2	0.3	64
1	1e-06	2	0.4	8
1	1e-06	2	0.4	16
1	1e-06	2	0.4	24
1	1e-06	2	0.4	32
1	1e-06	2	0.4	40
1	1e-06	2	0.4	48
1	1e-06	2	0.4	56
1	1e-06	2	0.4	64
1	1e-06	2	0.5	8
1	1e-06	2	0.5	16
1	1e-06	2	0.5	24
1	1e-06	2	0.5	32
1	1e-06	2	0.5	40
1	1e-06	2	0.5	48
1	1e-06	2	0.5	56
1	1e-06	2	0.5	64
1	1e-06	3	0.2	8
1	1e-06	3	0.2	16
1	1e-06	3	0.2	24
1	1e-06	3	0.2	32
1	1e-06	3	0.2	40
1	1e-06	3	0.2	48
1	1e-06	3	0.2	56
1	1e-06	3	0.2	64
1	1e-06	3	0.3	8
1	1e-06	3	0.3	16
1	1e-06	3	0.3	24
1	1e-06	3	0.3	32
1	1e-06	3	0.3	40
1	1e-06	3	0.3	48
1	1e-06	3	0.3	56
1	1e-06	3	0.3	64
1	1e-06	3	0.4	8
1	1e-06	3	0.4	16
1	1e-06	3	0.4	24
1	1e-06	3	0.4	32
1	1e-06	3	0.4	40
1	1e-06	3	0.4	48
1	1e-06	3	0.4	56
1	1e-06	3	0.4	64
1	1e-06	3	0.5	8
1	1e-06	3	0.5	16
1	1e-06	3	0.5	24
1	1e-06	3	0.5	32
1	1e-06	3	0.5	40
1	1e-06	3	0.5	48
1	1e-06	3	0.5	56
1	1e-06	3	0.5	64
1	1e-06	4	0.2	8
1	1e-06	4	0.2	16
1	1e-06	4	0.2	24
1	1e-06	4	0.2	32
1	1e-06	4	0.2	40
1	1e-06	4	0.2	48
1	1e-06	4	0.2	56
1	1e-06	4	0.2	64
1	1e-06	4	0.3	8
1	1e-06	4	0.3	16
1	1e-06	4	0.3	24
1	1e-06	4	0.3	32
1	1e-06	4	0.3	40
1	1e-06	4	0.3	48
1	1e-06	4	0.3	56
1	1e-06	4	0.3	64
1	1e-06	4	0.4	8
1	1e-06	4	0.4	16
1	1e-06	4	0.4	24
1	1e-06	4	0.4	32
1	1e-06	4	0.4	40
1	1e-06	4	0.4	48
1	1e-06	4	0.4	56
1	1e-06	4	0.4	64
1	1e-06	4	0.5	8
1	1e-06	4	0.5	16
1	1e-06	4	0.5	24
1	1e-06	4	0.5	32
1	1e-06	4	0.5	40
1	1e-06	4	0.5	48
1	1e-06	4	0.5	56
1	1e-06	4	0.5	64
1	1e-05	1	0.2	8
1	1e-05	1	0.2	16
1	1e-05	1	0.2	24
1	1e-05	1	0.2	32
1	1e-05	1	0.2	40
1	1e-05	1	0.2	48
1	1e-05	1	0.2	56
1	1e-05	1	0.2	64
1	1e-05	1	0.3	8
1	1e-05	1	0.3	16
1	1e-05	1	0.3	24
1	1e-05	1	0.3	32
1	1e-05	1	0.3	40
1	1e-05	1	0.3	48
1	1e-05	1	0.3	56
1	1e-05	1	0.3	64
1	1e-05	1	0.4	8
1	1e-05	1	0.4	16
1	1e-05	1	0.4	24
1	1e-05	1	0.4	32
1	1e-05	1	0.4	40
1	1e-05	1	0.4	48
1	1e-05	1	0.4	56
1	1e-05	1	0.4	64
1	1e-05	1	0.5	8
1	1e-05	1	0.5	16
1	1e-05	1	0.5	24
1	1e-05	1	0.5	32
1	1e-05	1	0.5	40
1	1e-05	1	0.5	48
1	1e-05	1	0.5	56
1	1e-05	1	0.5	64
1	1e-05	2	0.2	8
1	1e-05	2	0.2	16
1	1e-05	2	0.2	24
1	1e-05	2	0.2	32
1	1e-05	2	0.2	40
1	1e-05	2	0.2	48
1	1e-05	2	0.2	56
1	1e-05	2	0.2	64
1	1e-05	2	0.3	8
1	1e-05	2	0.3	16
1	1e-05	2	0.3	24
1	1e-05	2	0.3	32
1	1e-05	2	0.3	40
1	1e-05	2	0.3	48
1	1e-05	2	0.3	56
1	1e-05	2	0.3	64
1	1e-05	2	0.4	8
1	1e-05	2	0.4	16
1	1e-05	2	0.4	24
1	1e-05	2	0.4	32
1	1e-05	2	0.4	40
1	1e-05	2	0.4	48
1	1e-05	2	0.4	56
1	1e-05	2	0.4	64
1	1e-05	2	0.5	8
1	1e-05	2	0.5	16
1	1e-05	2	0.5	24
1	1e-05	2	0.5	32
1	1e-05	2	0.5	40
1	1e-05	2	0.5	48
1	1e-05	2	0.5	56
1	1e-05	2	0.5	64
1	1e-05	3	0.2	8
1	1e-05	3	0.2	16
1	1e-05	3	0.2	24
1	1e-05	3	0.2	32
1	1e-05	3	0.2	40
1	1e-05	3	0.2	48
1	1e-05	3	0.2	56
1	1e-05	3	0.2	64
1	1e-05	3	0.3	8
1	1e-05	3	0.3	16
1	1e-05	3	0.3	24
1	1e-05	3	0.3	32
1	1e-05	3	0.3	40
1	1e-05	3	0.3	48
1	1e-05	3	0.3	56
1	1e-05	3	0.3	64
1	1e-05	3	0.4	8
1	1e-05	3	0.4	16
1	1e-05	3	0.4	24
1	1e-05	3	0.4	32
1	1e-05	3	0.4	40
1	1e-05	3	0.4	48
1	1e-05	3	0.4	56
1	1e-05	3	0.4	64
1	1e-05	3	0.5	8
1	1e-05	3	0.5	16
1	1e-05	3	0.5	24
1	1e-05	3	0.5	32
1	1e-05	3	0.5	40
1	1e-05	3	0.5	48
1	1e-05	3	0.5	56
1	1e-05	3	0.5	64
1	1e-05	4	0.2	8
1	1e-05	4	0.2	16
1	1e-05	4	0.2	24
1	1e-05	4	0.2	32
1	1e-05	4	0.2	40
1	1e-05	4	0.2	48
1	1e-05	4	0.2	56
1	1e-05	4	0.2	64
1	1e-05	4	0.3	8
1	1e-05	4	0.3	16
1	1e-05	4	0.3	24
1	1e-05	4	0.3	32
1	1e-05	4	0.3	40
1	1e-05	4	0.3	48
1	1e-05	4	0.3	56
1	1e-05	4	0.3	64
1	1e-05	4	0.4	8
1	1e-05	4	0.4	16
1	1e-05	4	0.4	24
1	1e-05	4	0.4	32
1	1e-05	4	0.4	40
1	1e-05	4	0.4	48
1	1e-05	4	0.4	56
1	1e-05	4	0.4	64
1	1e-05	4	0.5	8
1	1e-05	4	0.5	16
1	1e-05	4	0.5	24
1	1e-05	4	0.5	32
1	1e-05	4	0.5	40
1	1e-05	4	0.5	48
1	1e-05	4	0.5	56
1	1e-05	4	0.5	64
1	1e-04	1	0.2	8
1	1e-04	1	0.2	16
1	1e-04	1	0.2	24
1	1e-04	1	0.2	32
1	1e-04	1	0.2	40
1	1e-04	1	0.2	48
1	1e-04	1	0.2	56
1	1e-04	1	0.2	64
1	1e-04	1	0.3	8
1	1e-04	1	0.3	16
1	1e-04	1	0.3	24
1	1e-04	1	0.3	32
1	1e-04	1	0.3	40
1	1e-04	1	0.3	48
1	1e-04	1	0.3	56
1	1e-04	1	0.3	64
1	1e-04	1	0.4	8
1	1e-04	1	0.4	16
1	1e-04	1	0.4	24
1	1e-04	1	0.4	32
1	1e-04	1	0.4	40
1	1e-04	1	0.4	48
1	1e-04	1	0.4	56
1	1e-04	1	0.4	64
1	1e-04	1	0.5	8
1	1e-04	1	0.5	16
1	1e-04	1	0.5	24
1	1e-04	1	0.5	32
1	1e-04	1	0.5	40
1	1e-04	1	0.5	48
1	1e-04	1	0.5	56
1	1e-04	1	0.5	64
1	1e-04	2	0.2	8
1	1e-04	2	0.2	16
1	1e-04	2	0.2	24
1	1e-04	2	0.2	32
1	1e-04	2	0.2	40
1	1e-04	2	0.2	48
1	1e-04	2	0.2	56
1	1e-04	2	0.2	64
1	1e-04	2	0.3	8
1	1e-04	2	0.3	16
1	1e-04	2	0.3	24
1	1e-04	2	0.3	32
1	1e-04	2	0.3	40
1	1e-04	2	0.3	48
1	1e-04	2	0.3	56
1	1e-04	2	0.3	64
1	1e-04	2	0.4	8
1	1e-04	2	0.4	16
1	1e-04	2	0.4	24
1	1e-04	2	0.4	32
1	1e-04	2	0.4	40
1	1e-04	2	0.4	48
1	1e-04	2	0.4	56
1	1e-04	2	0.4	64
1	1e-04	2	0.5	8
1	1e-04	2	0.5	16
1	1e-04	2	0.5	24
1	1e-04	2	0.5	32
1	1e-04	2	0.5	40
1	1e-04	2	0.5	48
1	1e-04	2	0.5	56
1	1e-04	2	0.5	64
1	1e-04	3	0.2	8
1	1e-04	3	0.2	16
1	1e-04	3	0.2	24
1	1e-04	3	0.2	32
1	1e-04	3	0.2	40
1	1e-04	3	0.2	48
1	1e-04	3	0.2	56
1	1e-04	3	0.2	64
1	1e-04	3	0.3	8
1	1e-04	3	0.3	16
1	1e-04	3	0.3	24
1	1e-04	3	0.3	32
1	1e-04	3	0.3	40
1	1e-04	3	0.3	48
1	1e-04	3	0.3	56
1	1e-04	3	0.3	64
1	1e-04	3	0.4	8
1	1e-04	3	0.4	16
1	1e-04	3	0.4	24
1	1e-04	3	0.4	32
1	1e-04	3	0.4	40
1	1e-04	3	0.4	48
1	1e-04	3	0.4	56
1	1e-04	3	0.4	64
1	1e-04	3	0.5	8
1	1e-04	3	0.5	16
1	1e-04	3	0.5	24
1	1e-04	3	0.5	32
1	1e-04	3	0.5	40
1	1e-04	3	0.5	48
1	1e-04	3	0.5	56
1	1e-04	3	0.5	64
1	1e-04	4	0.2	8
1	1e-04	4	0.2	16
1	1e-04	4	0.2	24
1	1e-04	4	0.2	32
1	1e-04	4	0.2	40
1	1e-04	4	0.2	48
1	1e-04	4	0.2	56
1	1e-04	4	0.2	64
1	1e-04	4	0.3	8
1	1e-04	4	0.3	16
1	1e-04	4	0.3	24
1	1e-04	4	0.3	32
1	1e-04	4	0.3	40
1	1e-04	4	0.3	48
1	1e-04	4	0.3	56
1	1e-04	4	0.3	64
1	1e-04	4	0.4	8
1	1e-04	4	0.4	16
1	1e-04	4	0.4	24
1	1e-04	4	0.4	32
1	1e-04	4	0.4	40
1	1e-04	4	0.4	48
1	1e-04	4	0.4	56
1	1e-04	4	0.4	64
1	1e-04	4	0.5	8
1	1e-04	4	0.5	16
1	1e-04	4	0.5	24
1	1e-04	4	0.5	32
1	1e-04	4	0.5	40
1	1e-04	4	0.5	48
1	1e-04	4	0.5	56
1	1e-04	4	0.5	64
1	0.001	1	0.2	8
1	0.001	1	0.2	16
1	0.001	1	0.2	24
1	0.001	1	0.2	32
1	0.001	1	0.2	40
1	0.001	1	0.2	48
1	0.001	1	0.2	56
1	0.001	1	0.2	64
1	0.001	1	0.3	8
1	0.001	1	0.3	16
1	0.001	1	0.3	24
1	0.001	1	0.3	32
1	0.001	1	0.3	40
1	0.001	1	0.3	48
1	0.001	1	0.3	56
1	0.001	1	0.3	64
1	0.001	1	0.4	8
1	0.001	1	0.4	16
1	0.001	1	0.4	24
1	0.001	1	0.4	32
1	0.001	1	0.4	40
1	0.001	1	0.4	48
1	0.001	1	0.4	56
1	0.001	1	0.4	64
1	0.001	1	0.5	8
1	0.001	1	0.5	16
1	0.001	1	0.5	24
1	0.001	1	0.5	32
1	0.001	1	0.5	40
1	0.001	1	0.5	48
1	0.001	1	0.5	56
1	0.001	1	0.5	64
1	0.001	2	0.2	8
1	0.001	2	0.2	16
1	0.001	2	0.2	24
1	0.001	2	0.2	32
1	0.001	2	0.2	40
1	0.001	2	0.2	48
1	0.001	2	0.2	56
1	0.001	2	0.2	64
1	0.001	2	0.3	8
1	0.001	2	0.3	16
1	0.001	2	0.3	24
1	0.001	2	0.3	32
1	0.001	2	0.3	40
1	0.001	2	0.3	48
1	0.001	2	0.3	56
1	0.001	2	0.3	64
1	0.001	2	0.4	8
1	0.001	2	0.4	16
1	0.001	2	0.4	24
1	0.001	2	0.4	32
1	0.001	2	0.4	40
1	0.001	2	0.4	48
1	0.001	2	0.4	56
1	0.001	2	0.4	64
1	0.001	2	0.5	8
1	0.001	2	0.5	16
1	0.001	2	0.5	24
1	0.001	2	0.5	32
1	0.001	2	0.5	40
1	0.001	2	0.5	48
1	0.001	2	0.5	56
1	0.001	2	0.5	64
1	0.001	3	0.2	8
1	0.001	3	0.2	16
1	0.001	3	0.2	24
1	0.001	3	0.2	32
1	0.001	3	0.2	40
1	0.001	3	0.2	48
1	0.001	3	0.2	56
1	0.001	3	0.2	64
1	0.001	3	0.3	8
1	0.001	3	0.3	16
1	0.001	3	0.3	24
1	0.001	3	0.3	32
1	0.001	3	0.3	40
1	0.001	3	0.3	48
1	0.001	3	0.3	56
1	0.001	3	0.3	64
1	0.001	3	0.4	8
1	0.001	3	0.4	16
1	0.001	3	0.4	24
1	0.001	3	0.4	32
1	0.001	3	0.4	40
1	0.001	3	0.4	48
1	0.001	3	0.4	56
1	0.001	3	0.4	64
1	0.001	3	0.5	8
1	0.001	3	0.5	16
1	0.001	3	0.5	24
1	0.001	3	0.5	32
1	0.001	3	0.5	40
1	0.001	3	0.5	48
1	0.001	3	0.5	56
1	0.001	3	0.5	64
1	0.001	4	0.2	8
1	0.001	4	0.2	16
1	0.001	4	0.2	24
1	0.001	4	0.2	32
1	0.001	4	0.2	40
1	0.001	4	0.2	48
1	0.001	4	0.2	56
1	0.001	4	0.2	64
1	0.001	4	0.3	8
1	0.001	4	0.3	16
1	0.001	4	0.3	24
1	0.001	4	0.3	32
1	0.001	4	0.3	40
1	0.001	4	0.3	48
1	0.001	4	0.3	56
1	0.001	4	0.3	64
1	0.001	4	0.4	8
1	0.001	4	0.4	16
1	0.001	4	0.4	24
1	0.001	4	0.4	32
1	0.001	4	0.4	40
1	0.001	4	0.4	48
1	0.001	4	0.4	56
1	0.001	4	0.4	64
1	0.001	4	0.5	8
1	0.001	4	0.5	16
1	0.001	4	0.5	24
1	0.001	4	0.5	32
1	0.001	4	0.5	40
1	0.001	4	0.5	48
1	0.001	4	0.5	56
1	0.001	4	0.5	64
1	0.01	1	0.2	8
1	0.01	1	0.2	16
1	0.01	1	0.2	24
1	0.01	1	0.2	32
1	0.01	1	0.2	40
1	0.01	1	0.2	48
1	0.01	1	0.2	56
1	0.01	1	0.2	64
1	0.01	1	0.3	8
1	0.01	1	0.3	16
1	0.01	1	0.3	24
1	0.01	1	0.3	32
1	0.01	1	0.3	40
1	0.01	1	0.3	48
1	0.01	1	0.3	56
1	0.01	1	0.3	64
1	0.01	1	0.4	8
1	0.01	1	0.4	16
1	0.01	1	0.4	24
1	0.01	1	0.4	32
1	0.01	1	0.4	40
1	0.01	1	0.4	48
1	0.01	1	0.4	56
1	0.01	1	0.4	64
1	0.01	1	0.5	8
1	0.01	1	0.5	16
1	0.01	1	0.5	24
1	0.01	1	0.5	32
1	0.01	1	0.5	40
1	0.01	1	0.5	48
1	0.01	1	0.5	56
1	0.01	1	0.5	64
1	0.01	2	0.2	8
1	0.01	2	0.2	16
1	0.01	2	0.2	24
1	0.01	2	0.2	32
1	0.01	2	0.2	40
1	0.01	2	0.2	48
1	0.01	2	0.2	56
1	0.01	2	0.2	64
1	0.01	2	0.3	8
1	0.01	2	0.3	16
1	0.01	2	0.3	24
1	0.01	2	0.3	32
1	0.01	2	0.3	40
1	0.01	2	0.3	48
1	0.01	2	0.3	56
1	0.01	2	0.3	64
1	0.01	2	0.4	8
1	0.01	2	0.4	16
1	0.01	2	0.4	24
1	0.01	2	0.4	32
1	0.01	2	0.4	40
1	0.01	2	0.4	48
1	0.01	2	0.4	56
1	0.01	2	0.4	64
1	0.01	2	0.5	8
1	0.01	2	0.5	16
1	0.01	2	0.5	24
1	0.01	2	0.5	32
1	0.01	2	0.5	40
1	0.01	2	0.5	48
1	0.01	2	0.5	56
1	0.01	2	0.5	64
1	0.01	3	0.2	8
1	0.01	3	0.2	16
1	0.01	3	0.2	24
1	0.01	3	0.2	32
1	0.01	3	0.2	40
1	0.01	3	0.2	48
1	0.01	3	0.2	56
1	0.01	3	0.2	64
1	0.01	3	0.3	8
1	0.01	3	0.3	16
1	0.01	3	0.3	24
1	0.01	3	0.3	32
1	0.01	3	0.3	40
1	0.01	3	0.3	48
1	0.01	3	0.3	56
1	0.01	3	0.3	64
1	0.01	3	0.4	8
1	0.01	3	0.4	16
1	0.01	3	0.4	24
1	0.01	3	0.4	32
1	0.01	3	0.4	40
1	0.01	3	0.4	48
1	0.01	3	0.4	56
1	0.01	3	0.4	64
1	0.01	3	0.5	8
1	0.01	3	0.5	16
1	0.01	3	0.5	24
1	0.01	3	0.5	32
1	0.01	3	0.5	40
1	0.01	3	0.5	48
1	0.01	3	0.5	56
1	0.01	3	0.5	64
1	0.01	4	0.2	8
1	0.01	4	0.2	16
1	0.01	4	0.2	24
1	0.01	4	0.2	32
1	0.01	4	0.2	40
1	0.01	4	0.2	48
1	0.01	4	0.2	56
1	0.01	4	0.2	64
1	0.01	4	0.3	8
1	0.01	4	0.3	16
1	0.01	4	0.3	24
1	0.01	4	0.3	32
1	0.01	4	0.3	40
1	0.01	4	0.3	48
1	0.01	4	0.3	56
1	0.01	4	0.3	64
1	0.01	4	0.4	8
1	0.01	4	0.4	16
1	0.01	4	0.4	24
1	0.01	4	0.4	32
1	0.01	4	0.4	40
1	0.01	4	0.4	48
1	0.01	4	0.4	56
1	0.01	4	0.4	64
1	0.01	4	0.5	8
1	0.01	4	0.5	16
1	0.01	4	0.5	24
1	0.01	4	0.5	32
1	0.01	4	0.5	40
1	0.01	4	0.5	48
1	0.01	4	0.5	56
1	0.01	4	0.5	64
2	1e-08	1	0.2	8
2	1e-08	1	0.2	16
2	1e-08	1	0.2	24
2	1e-08	1	0.2	32
2	1e-08	1	0.2	40
2	1e-08	1	0.2	48
2	1e-08	1	0.2	56
2	1e-08	1	0.2	64
2	1e-08	1	0.3	8
2	1e-08	1	0.3	16
2	1e-08	1	0.3	24
2	1e-08	1	0.3	32
2	1e-08	1	0.3	40
2	1e-08	1	0.3	48
2	1e-08	1	0.3	56
2	1e-08	1	0.3	64
2	1e-08	1	0.4	8
2	1e-08	1	0.4	16
2	1e-08	1	0.4	24
2	1e-08	1	0.4	32
2	1e-08	1	0.4	40
2	1e-08	1	0.4	48
2	1e-08	1	0.4	56
2	1e-08	1	0.4	64
2	1e-08	1	0.5	8
2	1e-08	1	0.5	16
2	1e-08	1	0.5	24
2	1e-08	1	0.5	32
2	1e-08	1	0.5	40
2	1e-08	1	0.5	48
2	1e-08	1	0.5	56
2	1e-08	1	0.5	64
2	1e-08	2	0.2	8
2	1e-08	2	0.2	16
2	1e-08	2	0.2	24
2	1e-08	2	0.2	32
2	1e-08	2	0.2	40
2	1e-08	2	0.2	48
2	1e-08	2	0.2	56
2	1e-08	2	0.2	64
2	1e-08	2	0.3	8
2	1e-08	2	0.3	16
2	1e-08	2	0.3	24
2	1e-08	2	0.3	32
2	1e-08	2	0.3	40
2	1e-08	2	0.3	48
2	1e-08	2	0.3	56
2	1e-08	2	0.3	64
2	1e-08	2	0.4	8
2	1e-08	2	0.4	16
2	1e-08	2	0.4	24
2	1e-08	2	0.4	32
2	1e-08	2	0.4	40
2	1e-08	2	0.4	48
2	1e-08	2	0.4	56
2	1e-08	2	0.4	64
2	1e-08	2	0.5	8
2	1e-08	2	0.5	16
2	1e-08	2	0.5	24
2	1e-08	2	0.5	32
2	1e-08	2	0.5	40
2	1e-08	2	0.5	48
2	1e-08	2	0.5	56
2	1e-08	2	0.5	64
2	1e-08	3	0.2	8
2	1e-08	3	0.2	16
2	1e-08	3	0.2	24
2	1e-08	3	0.2	32
2	1e-08	3	0.2	40
2	1e-08	3	0.2	48
2	1e-08	3	0.2	56
2	1e-08	3	0.2	64
2	1e-08	3	0.3	8
2	1e-08	3	0.3	16
2	1e-08	3	0.3	24
2	1e-08	3	0.3	32
2	1e-08	3	0.3	40
2	1e-08	3	0.3	48
2	1e-08	3	0.3	56
2	1e-08	3	0.3	64
2	1e-08	3	0.4	8
2	1e-08	3	0.4	16
2	1e-08	3	0.4	24
2	1e-08	3	0.4	32
2	1e-08	3	0.4	40
2	1e-08	3	0.4	48
2	1e-08	3	0.4	56
2	1e-08	3	0.4	64
2	1e-08	3	0.5	8
2	1e-08	3	0.5	16
2	1e-08	3	0.5	24
2	1e-08	3	0.5	32
2	1e-08	3	0.5	40
2	1e-08	3	0.5	48
2	1e-08	3	0.5	56
2	1e-08	3	0.5	64
2	1e-08	4	0.2	8
2	1e-08	4	0.2	16
2	1e-08	4	0.2	24
2	1e-08	4	0.2	32
2	1e-08	4	0.2	40
2	1e-08	4	0.2	48
2	1e-08	4	0.2	56
2	1e-08	4	0.2	64
2	1e-08	4	0.3	8
2	1e-08	4	0.3	16
2	1e-08	4	0.3	24
2	1e-08	4	0.3	32
2	1e-08	4	0.3	40
2	1e-08	4	0.3	48
2	1e-08	4	0.3	56
2	1e-08	4	0.3	64
2	1e-08	4	0.4	8
2	1e-08	4	0.4	16
2	1e-08	4	0.4	24
2	1e-08	4	0.4	32
2	1e-08	4	0.4	40
2	1e-08	4	0.4	48
2	1e-08	4	0.4	56
2	1e-08	4	0.4	64
2	1e-08	4	0.5	8
2	1e-08	4	0.5	16
2	1e-08	4	0.5	24
2	1e-08	4	0.5	32
2	1e-08	4	0.5	40
2	1e-08	4	0.5	48
2	1e-08	4	0.5	56
2	1e-08	4	0.5	64
2	1e-07	1	0.2	8
2	1e-07	1	0.2	16
2	1e-07	1	0.2	24
2	1e-07	1	0.2	32
2	1e-07	1	0.2	40
2	1e-07	1	0.2	48
2	1e-07	1	0.2	56
2	1e-07	1	0.2	64
2	1e-07	1	0.3	8
2	1e-07	1	0.3	16
2	1e-07	1	0.3	24
2	1e-07	1	0.3	32
2	1e-07	1	0.3	40
2	1e-07	1	0.3	48
2	1e-07	1	0.3	56
2	1e-07	1	0.3	64
2	1e-07	1	0.4	8
2	1e-07	1	0.4	16
2	1e-07	1	0.4	24
2	1e-07	1	0.4	32
2	1e-07	1	0.4	40
2	1e-07	1	0.4	48
2	1e-07	1	0.4	56
2	1e-07	1	0.4	64
2	1e-07	1	0.5	8
2	1e-07	1	0.5	16
2	1e-07	1	0.5	24
2	1e-07	1	0.5	32
2	1e-07	1	0.5	40
2	1e-07	1	0.5	48
2	1e-07	1	0.5	56
2	1e-07	1	0.5	64
2	1e-07	2	0.2	8
2	1e-07	2	0.2	16
2	1e-07	2	0.2	24
2	1e-07	2	0.2	32
2	1e-07	2	0.2	40
2	1e-07	2	0.2	48
2	1e-07	2	0.2	56
2	1e-07	2	0.2	64
2	1e-07	2	0.3	8
2	1e-07	2	0.3	16
2	1e-07	2	0.3	24
2	1e-07	2	0.3	32
2	1e-07	2	0.3	40
2	1e-07	2	0.3	48
2	1e-07	2	0.3	56
2	1e-07	2	0.3	64
2	1e-07	2	0.4	8
2	1e-07	2	0.4	16
2	1e-07	2	0.4	24
2	1e-07	2	0.4	32
2	1e-07	2	0.4	40
2	1e-07	2	0.4	48
2	1e-07	2	0.4	56
2	1e-07	2	0.4	64
2	1e-07	2	0.5	8
2	1e-07	2	0.5	16
2	1e-07	2	0.5	24
2	1e-07	2	0.5	32
2	1e-07	2	0.5	40
2	1e-07	2	0.5	48
2	1e-07	2	0.5	56
2	1e-07	2	0.5	64
2	1e-07	3	0.2	8
2	1e-07	3	0.2	16
2	1e-07	3	0.2	24
2	1e-07	3	0.2	32
2	1e-07	3	0.2	40
2	1e-07	3	0.2	48
2	1e-07	3	0.2	56
2	1e-07	3	0.2	64
2	1e-07	3	0.3	8
2	1e-07	3	0.3	16
2	1e-07	3	0.3	24
2	1e-07	3	0.3	32
2	1e-07	3	0.3	40
2	1e-07	3	0.3	48
2	1e-07	3	0.3	56
2	1e-07	3	0.3	64
2	1e-07	3	0.4	8
2	1e-07	3	0.4	16
2	1e-07	3	0.4	24
2	1e-07	3	0.4	32
2	1e-07	3	0.4	40
2	1e-07	3	0.4	48
2	1e-07	3	0.4	56
2	1e-07	3	0.4	64
2	1e-07	3	0.5	8
2	1e-07	3	0.5	16
2	1e-07	3	0.5	24
2	1e-07	3	0.5	32
2	1e-07	3	0.5	40
2	1e-07	3	0.5	48
2	1e-07	3	0.5	56
2	1e-07	3	0.5	64
2	1e-07	4	0.2	8
2	1e-07	4	0.2	16
2	1e-07	4	0.2	24
2	1e-07	4	0.2	32
2	1e-07	4	0.2	40
2	1e-07	4	0.2	48
2	1e-07	4	0.2	56
2	1e-07	4	0.2	64
2	1e-07	4	0.3	8
2	1e-07	4	0.3	16
2	1e-07	4	0.3	24
2	1e-07	4	0.3	32
2	1e-07	4	0.3	40
2	1e-07	4	0.3	48
2	1e-07	4	0.3	56
2	1e-07	4	0.3	64
2	1e-07	4	0.4	8
2	1e-07	4	0.4	16
2	1e-07	4	0.4	24
2	1e-07	4	0.4	32
2	1e-07	4	0.4	40
2	1e-07	4	0.4	48
2	1e-07	4	0.4	56
2	1e-07	4	0.4	64
2	1e-07	4	0.5	8
2	1e-07	4	0.5	16
2	1e-07	4	0.5	24
2	1e-07	4	0.5	32
2	1e-07	4	0.5	40
2	1e-07	4	0.5	48
2	1e-07	4	0.5	56
2	1e-07	4	0.5	64
2	1e-06	1	0.2	8
2	1e-06	1	0.2	16
2	1e-06	1	0.2	24
2	1e-06	1	0.2	32
2	1e-06	1	0.2	40
2	1e-06	1	0.2	48
2	1e-06	1	0.2	56
2	1e-06	1	0.2	64
2	1e-06	1	0.3	8
2	1e-06	1	0.3	16
2	1e-06	1	0.3	24
2	1e-06	1	0.3	32
2	1e-06	1	0.3	40
2	1e-06	1	0.3	48
2	1e-06	1	0.3	56
2	1e-06	1	0.3	64
2	1e-06	1	0.4	8
2	1e-06	1	0.4	16
2	1e-06	1	0.4	24
2	1e-06	1	0.4	32
2	1e-06	1	0.4	40
2	1e-06	1	0.4	48
2	1e-06	1	0.4	56
2	1e-06	1	0.4	64
2	1e-06	1	0.5	8
2	1e-06	1	0.5	16
2	1e-06	1	0.5	24
2	1e-06	1	0.5	32
2	1e-06	1	0.5	40
2	1e-06	1	0.5	48
2	1e-06	1	0.5	56
2	1e-06	1	0.5	64
2	1e-06	2	0.2	8
2	1e-06	2	0.2	16
2	1e-06	2	0.2	24
2	1e-06	2	0.2	32
2	1e-06	2	0.2	40
2	1e-06	2	0.2	48
2	1e-06	2	0.2	56
2	1e-06	2	0.2	64
2	1e-06	2	0.3	8
2	1e-06	2	0.3	16
2	1e-06	2	0.3	24
2	1e-06	2	0.3	32
2	1e-06	2	0.3	40
2	1e-06	2	0.3	48
2	1e-06	2	0.3	56
2	1e-06	2	0.3	64
2	1e-06	2	0.4	8
2	1e-06	2	0.4	16
2	1e-06	2	0.4	24
2	1e-06	2	0.4	32
2	1e-06	2	0.4	40
2	1e-06	2	0.4	48
2	1e-06	2	0.4	56
2	1e-06	2	0.4	64
2	1e-06	2	0.5	8
2	1e-06	2	0.5	16
2	1e-06	2	0.5	24
2	1e-06	2	0.5	32
2	1e-06	2	0.5	40
2	1e-06	2	0.5	48
2	1e-06	2	0.5	56
2	1e-06	2	0.5	64
2	1e-06	3	0.2	8
2	1e-06	3	0.2	16
2	1e-06	3	0.2	24
2	1e-06	3	0.2	32
2	1e-06	3	0.2	40
2	1e-06	3	0.2	48
2	1e-06	3	0.2	56
2	1e-06	3	0.2	64
2	1e-06	3	0.3	8
2	1e-06	3	0.3	16
2	1e-06	3	0.3	24
2	1e-06	3	0.3	32
2	1e-06	3	0.3	40
2	1e-06	3	0.3	48
2	1e-06	3	0.3	56
2	1e-06	3	0.3	64
2	1e-06	3	0.4	8
2	1e-06	3	0.4	16
2	1e-06	3	0.4	24
2	1e-06	3	0.4	32
2	1e-06	3	0.4	40
2	1e-06	3	0.4	48
2	1e-06	3	0.4	56
2	1e-06	3	0.4	64
2	1e-06	3	0.5	8
2	1e-06	3	0.5	16
2	1e-06	3	0.5	24
2	1e-06	3	0.5	32
2	1e-06	3	0.5	40
2	1e-06	3	0.5	48
2	1e-06	3	0.5	56
2	1e-06	3	0.5	64
2	1e-06	4	0.2	8
2	1e-06	4	0.2	16
2	1e-06	4	0.2	24
2	1e-06	4	0.2	32
2	1e-06	4	0.2	40
2	1e-06	4	0.2	48
2	1e-06	4	0.2	56
2	1e-06	4	0.2	64
2	1e-06	4	0.3	8
2	1e-06	4	0.3	16
2	1e-06	4	0.3	24
2	1e-06	4	0.3	32
2	1e-06	4	0.3	40
2	1e-06	4	0.3	48
2	1e-06	4	0.3	56
2	1e-06	4	0.3	64
2	1e-06	4	0.4	8
2	1e-06	4	0.4	16
2	1e-06	4	0.4	24
2	1e-06	4	0.4	32
2	1e-06	4	0.4	40
2	1e-06	4	0.4	48
2	1e-06	4	0.4	56
2	1e-06	4	0.4	64
2	1e-06	4	0.5	8
2	1e-06	4	0.5	16
2	1e-06	4	0.5	24
2	1e-06	4	0.5	32
2	1e-06	4	0.5	40
2	1e-06	4	0.5	48
2	1e-06	4	0.5	56
2	1e-06	4	0.5	64
2	1e-05	1	0.2	8
2	1e-05	1	0.2	16
2	1e-05	1	0.2	24
2	1e-05	1	0.2	32
2	1e-05	1	0.2	40
2	1e-05	1	0.2	48
2	1e-05	1	0.2	56
2	1e-05	1	0.2	64
2	1e-05	1	0.3	8
2	1e-05	1	0.3	16
2	1e-05	1	0.3	24
2	1e-05	1	0.3	32
2	1e-05	1	0.3	40
2	1e-05	1	0.3	48
2	1e-05	1	0.3	56
2	1e-05	1	0.3	64
2	1e-05	1	0.4	8
2	1e-05	1	0.4	16
2	1e-05	1	0.4	24
2	1e-05	1	0.4	32
2	1e-05	1	0.4	40
2	1e-05	1	0.4	48
2	1e-05	1	0.4	56
2	1e-05	1	0.4	64
2	1e-05	1	0.5	8
2	1e-05	1	0.5	16
2	1e-05	1	0.5	24
2	1e-05	1	0.5	32
2	1e-05	1	0.5	40
2	1e-05	1	0.5	48
2	1e-05	1	0.5	56
2	1e-05	1	0.5	64
2	1e-05	2	0.2	8
2	1e-05	2	0.2	16
2	1e-05	2	0.2	24
2	1e-05	2	0.2	32
2	1e-05	2	0.2	40
2	1e-05	2	0.2	48
2	1e-05	2	0.2	56
2	1e-05	2	0.2	64
2	1e-05	2	0.3	8
2	1e-05	2	0.3	16
2	1e-05	2	0.3	24
2	1e-05	2	0.3	32
2	1e-05	2	0.3	40
2	1e-05	2	0.3	48
2	1e-05	2	0.3	56
2	1e-05	2	0.3	64
2	1e-05	2	0.4	8
2	1e-05	2	0.4	16
2	1e-05	2	0.4	24
2	1e-05	2	0.4	32
2	1e-05	2	0.4	40
2	1e-05	2	0.4	48
2	1e-05	2	0.4	56
2	1e-05	2	0.4	64
2	1e-05	2	0.5	8
2	1e-05	2	0.5	16
2	1e-05	2	0.5	24
2	1e-05	2	0.5	32
2	1e-05	2	0.5	40
2	1e-05	2	0.5	48
2	1e-05	2	0.5	56
2	1e-05	2	0.5	64
2	1e-05	3	0.2	8
2	1e-05	3	0.2	16
2	1e-05	3	0.2	24
2	1e-05	3	0.2	32
2	1e-05	3	0.2	40
2	1e-05	3	0.2	48
2	1e-05	3	0.2	56
2	1e-05	3	0.2	64
2	1e-05	3	0.3	8
2	1e-05	3	0.3	16
2	1e-05	3	0.3	24
2	1e-05	3	0.3	32
2	1e-05	3	0.3	40
2	1e-05	3	0.3	48
2	1e-05	3	0.3	56
2	1e-05	3	0.3	64
2	1e-05	3	0.4	8
2	1e-05	3	0.4	16
2	1e-05	3	0.4	24
2	1e-05	3	0.4	32
2	1e-05	3	0.4	40
2	1e-05	3	0.4	48
2	1e-05	3	0.4	56
2	1e-05	3	0.4	64
2	1e-05	3	0.5	8
2	1e-05	3	0.5	16
2	1e-05	3	0.5	24
2	1e-05	3	0.5	32
2	1e-05	3	0.5	40
2	1e-05	3	0.5	48
2	1e-05	3	0.5	56
2	1e-05	3	0.5	64
2	1e-05	4	0.2	8
2	1e-05	4	0.2	16
2	1e-05	4	0.2	24
2	1e-05	4	0.2	32
2	1e-05	4	0.2	40
2	1e-05	4	0.2	48
2	1e-05	4	0.2	56
2	1e-05	4	0.2	64
2	1e-05	4	0.3	8
2	1e-05	4	0.3	16
2	1e-05	4	0.3	24
2	1e-05	4	0.3	32
2	1e-05	4	0.3	40
2	1e-05	4	0.3	48
2	1e-05	4	0.3	56
2	1e-05	4	0.3	64
2	1e-05	4	0.4	8
2	1e-05	4	0.4	16
2	1e-05	4	0.4	24
2	1e-05	4	0.4	32
2	1e-05	4	0.4	40
2	1e-05	4	0.4	48
2	1e-05	4	0.4	56
2	1e-05	4	0.4	64
2	1e-05	4	0.5	8
2	1e-05	4	0.5	16
2	1e-05	4	0.5	24
2	1e-05	4	0.5	32
2	1e-05	4	0.5	40
2	1e-05	4	0.5	48
2	1e-05	4	0.5	56
2	1e-05	4	0.5	64
2	1e-04	1	0.2	8
2	1e-04	1	0.2	16
2	1e-04	1	0.2	24
2	1e-04	1	0.2	32
2	1e-04	1	0.2	40
2	1e-04	1	0.2	48
2	1e-04	1	0.2	56
2	1e-04	1	0.2	64
2	1e-04	1	0.3	8
2	1e-04	1	0.3	16
2	1e-04	1	0.3	24
2	1e-04	1	0.3	32
2	1e-04	1	0.3	40
2	1e-04	1	0.3	48
2	1e-04	1	0.3	56
2	1e-04	1	0.3	64
2	1e-04	1	0.4	8
2	1e-04	1	0.4	16
2	1e-04	1	0.4	24
2	1e-04	1	0.4	32
2	1e-04	1	0.4	40
2	1e-04	1	0.4	48
2	1e-04	1	0.4	56
2	1e-04	1	0.4	64
2	1e-04	1	0.5	8
2	1e-04	1	0.5	16
2	1e-04	1	0.5	24
2	1e-04	1	0.5	32
2	1e-04	1	0.5	40
2	1e-04	1	0.5	48
2	1e-04	1	0.5	56
2	1e-04	1	0.5	64
2	1e-04	2	0.2	8
2	1e-04	2	0.2	16
2	1e-04	2	0.2	24
2	1e-04	2	0.2	32
2	1e-04	2	0.2	40
2	1e-04	2	0.2	48
2	1e-04	2	0.2	56
2	1e-04	2	0.2	64
2	1e-04	2	0.3	8
2	1e-04	2	0.3	16
2	1e-04	2	0.3	24
2	1e-04	2	0.3	32
2	1e-04	2	0.3	40
2	1e-04	2	0.3	48
2	1e-04	2	0.3	56
2	1e-04	2	0.3	64
2	1e-04	2	0.4	8
2	1e-04	2	0.4	16
2	1e-04	2	0.4	24
2	1e-04	2	0.4	32
2	1e-04	2	0.4	40
2	1e-04	2	0.4	48
2	1e-04	2	0.4	56
2	1e-04	2	0.4	64
2	1e-04	2	0.5	8
2	1e-04	2	0.5	16
2	1e-04	2	0.5	24
2	1e-04	2	0.5	32
2	1e-04	2	0.5	40
2	1e-04	2	0.5	48
2	1e-04	2	0.5	56
2	1e-04	2	0.5	64
2	1e-04	3	0.2	8
2	1e-04	3	0.2	16
2	1e-04	3	0.2	24
2	1e-04	3	0.2	32
2	1e-04	3	0.2	40
2	1e-04	3	0.2	48
2	1e-04	3	0.2	56
2	1e-04	3	0.2	64
2	1e-04	3	0.3	8
2	1e-04	3	0.3	16
2	1e-04	3	0.3	24
2	1e-04	3	0.3	32
2	1e-04	3	0.3	40
2	1e-04	3	0.3	48
2	1e-04	3	0.3	56
2	1e-04	3	0.3	64
2	1e-04	3	0.4	8
2	1e-04	3	0.4	16
2	1e-04	3	0.4	24
2	1e-04	3	0.4	32
2	1e-04	3	0.4	40
2	1e-04	3	0.4	48
2	1e-04	3	0.4	56
2	1e-04	3	0.4	64
2	1e-04	3	0.5	8
2	1e-04	3	0.5	16
2	1e-04	3	0.5	24
2	1e-04	3	0.5	32
2	1e-04	3	0.5	40
2	1e-04	3	0.5	48
2	1e-04	3	0.5	56
2	1e-04	3	0.5	64
2	1e-04	4	0.2	8
2	1e-04	4	0.2	16
2	1e-04	4	0.2	24
2	1e-04	4	0.2	32
2	1e-04	4	0.2	40
2	1e-04	4	0.2	48
2	1e-04	4	0.2	56
2	1e-04	4	0.2	64
2	1e-04	4	0.3	8
2	1e-04	4	0.3	16
2	1e-04	4	0.3	24
2	1e-04	4	0.3	32
2	1e-04	4	0.3	40
2	1e-04	4	0.3	48
2	1e-04	4	0.3	56
2	1e-04	4	0.3	64
2	1e-04	4	0.4	8
2	1e-04	4	0.4	16
2	1e-04	4	0.4	24
2	1e-04	4	0.4	32
2	1e-04	4	0.4	40
2	1e-04	4	0.4	48
2	1e-04	4	0.4	56
2	1e-04	4	0.4	64
2	1e-04	4	0.5	8
2	1e-04	4	0.5	16
2	1e-04	4	0.5	24
2	1e-04	4	0.5	32
2	1e-04	4	0.5	40
2	1e-04	4	0.5	48
2	1e-04	4	0.5	56
2	1e-04	4	0.5	64
2	0.001	1	0.2	8
2	0.001	1	0.2	16
2	0.001	1	0.2	24
2	0.001	1	0.2	32
2	0.001	1	0.2	40
2	0.001	1	0.2	48
2	0.001	1	0.2	56
2	0.001	1	0.2	64
2	0.001	1	0.3	8
2	0.001	1	0.3	16
2	0.001	1	0.3	24
2	0.001	1	0.3	32
2	0.001	1	0.3	40
2	0.001	1	0.3	48
2	0.001	1	0.3	56
2	0.001	1	0.3	64
2	0.001	1	0.4	8
2	0.001	1	0.4	16
2	0.001	1	0.4	24
2	0.001	1	0.4	32
2	0.001	1	0.4	40
2	0.001	1	0.4	48
2	0.001	1	0.4	56
2	0.001	1	0.4	64
2	0.001	1	0.5	8
2	0.001	1	0.5	16
2	0.001	1	0.5	24
2	0.001	1	0.5	32
2	0.001	1	0.5	40
2	0.001	1	0.5	48
2	0.001	1	0.5	56
2	0.001	1	0.5	64
2	0.001	2	0.2	8
2	0.001	2	0.2	16
2	0.001	2	0.2	24
2	0.001	2	0.2	32
2	0.001	2	0.2	40
2	0.001	2	0.2	48
2	0.001	2	0.2	56
2	0.001	2	0.2	64
2	0.001	2	0.3	8
2	0.001	2	0.3	16
2	0.001	2	0.3	24
2	0.001	2	0.3	32
2	0.001	2	0.3	40
2	0.001	2	0.3	48
2	0.001	2	0.3	56
2	0.001	2	0.3	64
2	0.001	2	0.4	8
2	0.001	2	0.4	16
2	0.001	2	0.4	24
2	0.001	2	0.4	32
2	0.001	2	0.4	40
2	0.001	2	0.4	48
2	0.001	2	0.4	56
2	0.001	2	0.4	64
2	0.001	2	0.5	8
2	0.001	2	0.5	16
2	0.001	2	0.5	24
2	0.001	2	0.5	32
2	0.001	2	0.5	40
2	0.001	2	0.5	48
2	0.001	2	0.5	56
2	0.001	2	0.5	64
2	0.001	3	0.2	8
2	0.001	3	0.2	16
2	0.001	3	0.2	24
2	0.001	3	0.2	32
2	0.001	3	0.2	40
2	0.001	3	0.2	48
2	0.001	3	0.2	56
2	0.001	3	0.2	64
2	0.001	3	0.3	8
2	0.001	3	0.3	16
2	0.001	3	0.3	24
2	0.001	3	0.3	32
2	0.001	3	0.3	40
2	0.001	3	0.3	48
2	0.001	3	0.3	56
2	0.001	3	0.3	64
2	0.001	3	0.4	8
2	0.001	3	0.4	16
2	0.001	3	0.4	24
2	0.001	3	0.4	32
2	0.001	3	0.4	40
2	0.001	3	0.4	48
2	0.001	3	0.4	56
2	0.001	3	0.4	64
2	0.001	3	0.5	8
2	0.001	3	0.5	16
2	0.001	3	0.5	24
2	0.001	3	0.5	32
2	0.001	3	0.5	40
2	0.001	3	0.5	48
2	0.001	3	0.5	56
2	0.001	3	0.5	64
2	0.001	4	0.2	8
2	0.001	4	0.2	16
2	0.001	4	0.2	24
2	0.001	4	0.2	32
2	0.001	4	0.2	40
2	0.001	4	0.2	48
2	0.001	4	0.2	56
2	0.001	4	0.2	64
2	0.001	4	0.3	8
2	0.001	4	0.3	16
2	0.001	4	0.3	24
2	0.001	4	0.3	32
2	0.001	4	0.3	40
2	0.001	4	0.3	48
2	0.001	4	0.3	56
2	0.001	4	0.3	64
2	0.001	4	0.4	8
2	0.001	4	0.4	16
2	0.001	4	0.4	24
2	0.001	4	0.4	32
2	0.001	4	0.4	40
2	0.001	4	0.4	48
2	0.001	4	0.4	56
2	0.001	4	0.4	64
2	0.001	4	0.5	8
2	0.001	4	0.5	16
2	0.001	4	0.5	24
2	0.001	4	0.5	32
2	0.001	4	0.5	40
2	0.001	4	0.5	48
2	0.001	4	0.5	56
2	0.001	4	0.5	64
2	0.01	1	0.2	8
2	0.01	1	0.2	16
2	0.01	1	0.2	24
2	0.01	1	0.2	32
2	0.01	1	0.2	40
2	0.01	1	0.2	48
2	0.01	1	0.2	56
2	0.01	1	0.2	64
2	0.01	1	0.3	8
2	0.01	1	0.3	16
2	0.01	1	0.3	24
2	0.01	1	0.3	32
2	0.01	1	0.3	40
2	0.01	1	0.3	48
2	0.01	1	0.3	56
2	0.01	1	0.3	64
2	0.01	1	0.4	8
2	0.01	1	0.4	16
2	0.01	1	0.4	24
2	0.01	1	0.4	32
2	0.01	1	0.4	40
2	0.01	1	0.4	48
2	0.01	1	0.4	56
2	0.01	1	0.4	64
2	0.01	1	0.5	8
2	0.01	1	0.5	16
2	0.01	1	0.5	24
2	0.01	1	0.5	32
2	0.01	1	0.5	40
2	0.01	1	0.5	48
2	0.01	1	0.5	56
2	0.01	1	0.5	64
2	0.01	2	0.2	8
2	0.01	2	0.2	16
2	0.01	2	0.2	24
2	0.01	2	0.2	32
2	0.01	2	0.2	40
2	0.01	2	0.2	48
2	0.01	2	0.2	56
2	0.01	2	0.2	64
2	0.01	2	0.3	8
2	0.01	2	0.3	16
2	0.01	2	0.3	24
2	0.01	2	0.3	32
2	0.01	2	0.3	40
2	0.01	2	0.3	48
2	0.01	2	0.3	56
2	0.01	2	0.3	64
2	0.01	2	0.4	8
2	0.01	2	0.4	16
2	0.01	2	0.4	24
2	0.01	2	0.4	32
2	0.01	2	0.4	40
2	0.01	2	0.4	48
2	0.01	2	0.4	56
2	0.01	2	0.4	64
2	0.01	2	0.5	8
2	0.01	2	0.5	16
2	0.01	2	0.5	24
2	0.01	2	0.5	32
2	0.01	2	0.5	40
2	0.01	2	0.5	48
2	0.01	2	0.5	56
2	0.01	2	0.5	64
2	0.01	3	0.2	8
2	0.01	3	0.2	16
2	0.01	3	0.2	24
2	0.01	3	0.2	32
2	0.01	3	0.2	40
2	0.01	3	0.2	48
2	0.01	3	0.2	56
2	0.01	3	0.2	64
2	0.01	3	0.3	8
2	0.01	3	0.3	16
2	0.01	3	0.3	24
2	0.01	3	0.3	32
2	0.01	3	0.3	40
2	0.01	3	0.3	48
2	0.01	3	0.3	56
2	0.01	3	0.3	64
2	0.01	3	0.4	8
2	0.01	3	0.4	16
2	0.01	3	0.4	24
2	0.01	3	0.4	32
2	0.01	3	0.4	40
2	0.01	3	0.4	48
2	0.01	3	0.4	56
2	0.01	3	0.4	64
2	0.01	3	0.5	8
2	0.01	3	0.5	16
2	0.01	3	0.5	24
2	0.01	3	0.5	32
2	0.01	3	0.5	40
2	0.01	3	0.5	48
2	0.01	3	0.5	56
2	0.01	3	0.5	64
2	0.01	4	0.2	8
2	0.01	4	0.2	16
2	0.01	4	0.2	24
2	0.01	4	0.2	32
2	0.01	4	0.2	40
2	0.01	4	0.2	48
2	0.01	4	0.2	56
2	0.01	4	0.2	64
2	0.01	4	0.3	8
2	0.01	4	0.3	16
2	0.01	4	0.3	24
2	0.01	4	0.3	32
2	0.01	4	0.3	40
2	0.01	4	0.3	48
2	0.01	4	0.3	56
2	0.01	4	0.3	64
2	0.01	4	0.4	8
2	0.01	4	0.4	16
2	0.01	4	0.4	24
2	0.01	4	0.4	32
2	0.01	4	0.4	40
2	0.01	4	0.4	48
2	0.01	4	0.4	56
2	0.01	4	0.4	64
2	0.01	4	0.5	8
2	0.01	4	0.5	16
2	0.01	4	0.5	24
2	0.01	4	0.5	32
2	0.01	4	0.5	40
2	0.01	4	0.5	48
2	0.01	4	0.5	56
2	0.01	4	0.5	64
3	1e-08	1	0.2	8
3	1e-08	1	0.2	16
3	1e-08	1	0.2	24
3	1e-08	1	0.2	32
3	1e-08	1	0.2	40
3	1e-08	1	0.2	48
3	1e-08	1	0.2	56
3	1e-08	1	0.2	64
3	1e-08	1	0.3	8
3	1e-08	1	0.3	16
3	1e-08	1	0.3	24
3	1e-08	1	0.3	32
3	1e-08	1	0.3	40
3	1e-08	1	0.3	48
3	1e-08	1	0.3	56
3	1e-08	1	0.3	64
3	1e-08	1	0.4	8
3	1e-08	1	0.4	16
3	1e-08	1	0.4	24
3	1e-08	1	0.4	32
3	1e-08	1	0.4	40
3	1e-08	1	0.4	48
3	1e-08	1	0.4	56
3	1e-08	1	0.4	64
3	1e-08	1	0.5	8
3	1e-08	1	0.5	16
3	1e-08	1	0.5	24
3	1e-08	1	0.5	32
3	1e-08	1	0.5	40
3	1e-08	1	0.5	48
3	1e-08	1	0.5	56
3	1e-08	1	0.5	64
3	1e-08	2	0.2	8
3	1e-08	2	0.2	16
3	1e-08	2	0.2	24
3	1e-08	2	0.2	32
3	1e-08	2	0.2	40
3	1e-08	2	0.2	48
3	1e-08	2	0.2	56
3	1e-08	2	0.2	64
3	1e-08	2	0.3	8
3	1e-08	2	0.3	16
3	1e-08	2	0.3	24
3	1e-08	2	0.3	32
3	1e-08	2	0.3	40
3	1e-08	2	0.3	48
3	1e-08	2	0.3	56
3	1e-08	2	0.3	64
3	1e-08	2	0.4	8
3	1e-08	2	0.4	16
3	1e-08	2	0.4	24
3	1e-08	2	0.4	32
3	1e-08	2	0.4	40
3	1e-08	2	0.4	48
3	1e-08	2	0.4	56
3	1e-08	2	0.4	64
3	1e-08	2	0.5	8
3	1e-08	2	0.5	16
3	1e-08	2	0.5	24
3	1e-08	2	0.5	32
3	1e-08	2	0.5	40
3	1e-08	2	0.5	48
3	1e-08	2	0.5	56
3	1e-08	2	0.5	64
3	1e-08	3	0.2	8
3	1e-08	3	0.2	16
3	1e-08	3	0.2	24
3	1e-08	3	0.2	32
3	1e-08	3	0.2	40
3	1e-08	3	0.2	48
3	1e-08	3	0.2	56
3	1e-08	3	0.2	64
3	1e-08	3	0.3	8
3	1e-08	3	0.3	16
3	1e-08	3	0.3	24
3	1e-08	3	0.3	32
3	1e-08	3	0.3	40
3	1e-08	3	0.3	48
3	1e-08	3	0.3	56
3	1e-08	3	0.3	64
3	1e-08	3	0.4	8
3	1e-08	3	0.4	16
3	1e-08	3	0.4	24
3	1e-08	3	0.4	32
3	1e-08	3	0.4	40
3	1e-08	3	0.4	48
3	1e-08	3	0.4	56
3	1e-08	3	0.4	64
3	1e-08	3	0.5	8
3	1e-08	3	0.5	16
3	1e-08	3	0.5	24
3	1e-08	3	0.5	32
3	1e-08	3	0.5	40
3	1e-08	3	0.5	48
3	1e-08	3	0.5	56
3	1e-08	3	0.5	64
3	1e-08	4	0.2	8
3	1e-08	4	0.2	16
3	1e-08	4	0.2	24
3	1e-08	4	0.2	32
3	1e-08	4	0.2	40
3	1e-08	4	0.2	48
3	1e-08	4	0.2	56
3	1e-08	4	0.2	64
3	1e-08	4	0.3	8
3	1e-08	4	0.3	16
3	1e-08	4	0.3	24
3	1e-08	4	0.3	32
3	1e-08	4	0.3	40
3	1e-08	4	0.3	48
3	1e-08	4	0.3	56
3	1e-08	4	0.3	64
3	1e-08	4	0.4	8
3	1e-08	4	0.4	16
3	1e-08	4	0.4	24
3	1e-08	4	0.4	32
3	1e-08	4	0.4	40
3	1e-08	4	0.4	48
3	1e-08	4	0.4	56
3	1e-08	4	0.4	64
3	1e-08	4	0.5	8
3	1e-08	4	0.5	16
3	1e-08	4	0.5	24
3	1e-08	4	0.5	32
3	1e-08	4	0.5	40
3	1e-08	4	0.5	48
3	1e-08	4	0.5	56
3	1e-08	4	0.5	64
3	1e-07	1	0.2	8
3	1e-07	1	0.2	16
3	1e-07	1	0.2	24
3	1e-07	1	0.2	32
3	1e-07	1	0.2	40
3	1e-07	1	0.2	48
3	1e-07	1	0.2	56
3	1e-07	1	0.2	64
3	1e-07	1	0.3	8
3	1e-07	1	0.3	16
3	1e-07	1	0.3	24
3	1e-07	1	0.3	32
3	1e-07	1	0.3	40
3	1e-07	1	0.3	48
3	1e-07	1	0.3	56
3	1e-07	1	0.3	64
3	1e-07	1	0.4	8
3	1e-07	1	0.4	16
3	1e-07	1	0.4	24
3	1e-07	1	0.4	32
3	1e-07	1	0.4	40
3	1e-07	1	0.4	48
3	1e-07	1	0.4	56
3	1e-07	1	0.4	64
3	1e-07	1	0.5	8
3	1e-07	1	0.5	16
3	1e-07	1	0.5	24
3	1e-07	1	0.5	32
3	1e-07	1	0.5	40
3	1e-07	1	0.5	48
3	1e-07	1	0.5	56
3	1e-07	1	0.5	64
3	1e-07	2	0.2	8
3	1e-07	2	0.2	16
3	1e-07	2	0.2	24
3	1e-07	2	0.2	32
3	1e-07	2	0.2	40
3	1e-07	2	0.2	48
3	1e-07	2	0.2	56
3	1e-07	2	0.2	64
3	1e-07	2	0.3	8
3	1e-07	2	0.3	16
3	1e-07	2	0.3	24
3	1e-07	2	0.3	32
3	1e-07	2	0.3	40
3	1e-07	2	0.3	48
3	1e-07	2	0.3	56
3	1e-07	2	0.3	64
3	1e-07	2	0.4	8
3	1e-07	2	0.4	16
3	1e-07	2	0.4	24
3	1e-07	2	0.4	32
3	1e-07	2	0.4	40
3	1e-07	2	0.4	48
3	1e-07	2	0.4	56
3	1e-07	2	0.4	64
3	1e-07	2	0.5	8
3	1e-07	2	0.5	16
3	1e-07	2	0.5	24
3	1e-07	2	0.5	32
3	1e-07	2	0.5	40
3	1e-07	2	0.5	48
3	1e-07	2	0.5	56
3	1e-07	2	0.5	64
3	1e-07	3	0.2	8
3	1e-07	3	0.2	16
3	1e-07	3	0.2	24
3	1e-07	3	0.2	32
3	1e-07	3	0.2	40
3	1e-07	3	0.2	48
3	1e-07	3	0.2	56
3	1e-07	3	0.2	64
3	1e-07	3	0.3	8
3	1e-07	3	0.3	16
3	1e-07	3	0.3	24
3	1e-07	3	0.3	32
3	1e-07	3	0.3	40
3	1e-07	3	0.3	48
3	1e-07	3	0.3	56
3	1e-07	3	0.3	64
3	1e-07	3	0.4	8
3	1e-07	3	0.4	16
3	1e-07	3	0.4	24
3	1e-07	3	0.4	32
3	1e-07	3	0.4	40
3	1e-07	3	0.4	48
3	1e-07	3	0.4	56
3	1e-07	3	0.4	64
3	1e-07	3	0.5	8
3	1e-07	3	0.5	16
3	1e-07	3	0.5	24
3	1e-07	3	0.5	32
3	1e-07	3	0.5	40
3	1e-07	3	0.5	48
3	1e-07	3	0.5	56
3	1e-07	3	0.5	64
3	1e-07	4	0.2	8
3	1e-07	4	0.2	16
3	1e-07	4	0.2	24
3	1e-07	4	0.2	32
3	1e-07	4	0.2	40
3	1e-07	4	0.2	48
3	1e-07	4	0.2	56
3	1e-07	4	0.2	64
3	1e-07	4	0.3	8
3	1e-07	4	0.3	16
3	1e-07	4	0.3	24
3	1e-07	4	0.3	32
3	1e-07	4	0.3	40
3	1e-07	4	0.3	48
3	1e-07	4	0.3	56
3	1e-07	4	0.3	64
3	1e-07	4	0.4	8
3	1e-07	4	0.4	16
3	1e-07	4	0.4	24
3	1e-07	4	0.4	32
3	1e-07	4	0.4	40
3	1e-07	4	0.4	48
3	1e-07	4	0.4	56
3	1e-07	4	0.4	64
3	1e-07	4	0.5	8
3	1e-07	4	0.5	16
3	1e-07	4	0.5	24
3	1e-07	4	0.5	32
3	1e-07	4	0.5	40
3	1e-07	4	0.5	48
3	1e-07	4	0.5	56
3	1e-07	4	0.5	64
3	1e-06	1	0.2	8
3	1e-06	1	0.2	16
3	1e-06	1	0.2	24
3	1e-06	1	0.2	32
3	1e-06	1	0.2	40
3	1e-06	1	0.2	48
3	1e-06	1	0.2	56
3	1e-06	1	0.2	64
3	1e-06	1	0.3	8
3	1e-06	1	0.3	16
3	1e-06	1	0.3	24
3	1e-06	1	0.3	32
3	1e-06	1	0.3	40
3	1e-06	1	0.3	48
3	1e-06	1	0.3	56
3	1e-06	1	0.3	64
3	1e-06	1	0.4	8
3	1e-06	1	0.4	16
3	1e-06	1	0.4	24
3	1e-06	1	0.4	32
3	1e-06	1	0.4	40
3	1e-06	1	0.4	48
3	1e-06	1	0.4	56
3	1e-06	1	0.4	64
3	1e-06	1	0.5	8
3	1e-06	1	0.5	16
3	1e-06	1	0.5	24
3	1e-06	1	0.5	32
3	1e-06	1	0.5	40
3	1e-06	1	0.5	48
3	1e-06	1	0.5	56
3	1e-06	1	0.5	64
3	1e-06	2	0.2	8
3	1e-06	2	0.2	16
3	1e-06	2	0.2	24
3	1e-06	2	0.2	32
3	1e-06	2	0.2	40
3	1e-06	2	0.2	48
3	1e-06	2	0.2	56
3	1e-06	2	0.2	64
3	1e-06	2	0.3	8
3	1e-06	2	0.3	16
3	1e-06	2	0.3	24
3	1e-06	2	0.3	32
3	1e-06	2	0.3	40
3	1e-06	2	0.3	48
3	1e-06	2	0.3	56
3	1e-06	2	0.3	64
3	1e-06	2	0.4	8
3	1e-06	2	0.4	16
3	1e-06	2	0.4	24
3	1e-06	2	0.4	32
3	1e-06	2	0.4	40
3	1e-06	2	0.4	48
3	1e-06	2	0.4	56
3	1e-06	2	0.4	64
3	1e-06	2	0.5	8
3	1e-06	2	0.5	16
3	1e-06	2	0.5	24
3	1e-06	2	0.5	32
3	1e-06	2	0.5	40
3	1e-06	2	0.5	48
3	1e-06	2	0.5	56
3	1e-06	2	0.5	64
3	1e-06	3	0.2	8
3	1e-06	3	0.2	16
3	1e-06	3	0.2	24
3	1e-06	3	0.2	32
3	1e-06	3	0.2	40
3	1e-06	3	0.2	48
3	1e-06	3	0.2	56
3	1e-06	3	0.2	64
3	1e-06	3	0.3	8
3	1e-06	3	0.3	16
3	1e-06	3	0.3	24
3	1e-06	3	0.3	32
3	1e-06	3	0.3	40
3	1e-06	3	0.3	48
3	1e-06	3	0.3	56
3	1e-06	3	0.3	64
3	1e-06	3	0.4	8
3	1e-06	3	0.4	16
3	1e-06	3	0.4	24
3	1e-06	3	0.4	32
3	1e-06	3	0.4	40
3	1e-06	3	0.4	48
3	1e-06	3	0.4	56
3	1e-06	3	0.4	64
3	1e-06	3	0.5	8
3	1e-06	3	0.5	16
3	1e-06	3	0.5	24
3	1e-06	3	0.5	32
3	1e-06	3	0.5	40
3	1e-06	3	0.5	48
3	1e-06	3	0.5	56
3	1e-06	3	0.5	64
3	1e-06	4	0.2	8
3	1e-06	4	0.2	16
3	1e-06	4	0.2	24
3	1e-06	4	0.2	32
3	1e-06	4	0.2	40
3	1e-06	4	0.2	48
3	1e-06	4	0.2	56
3	1e-06	4	0.2	64
3	1e-06	4	0.3	8
3	1e-06	4	0.3	16
3	1e-06	4	0.3	24
3	1e-06	4	0.3	32
3	1e-06	4	0.3	40
3	1e-06	4	0.3	48
3	1e-06	4	0.3	56
3	1e-06	4	0.3	64
3	1e-06	4	0.4	8
3	1e-06	4	0.4	16
3	1e-06	4	0.4	24
3	1e-06	4	0.4	32
3	1e-06	4	0.4	40
3	1e-06	4	0.4	48
3	1e-06	4	0.4	56
3	1e-06	4	0.4	64
3	1e-06	4	0.5	8
3	1e-06	4	0.5	16
3	1e-06	4	0.5	24
3	1e-06	4	0.5	32
3	1e-06	4	0.5	40
3	1e-06	4	0.5	48
3	1e-06	4	0.5	56
3	1e-06	4	0.5	64
3	1e-05	1	0.2	8
3	1e-05	1	0.2	16
3	1e-05	1	0.2	24
3	1e-05	1	0.2	32
3	1e-05	1	0.2	40
3	1e-05	1	0.2	48
3	1e-05	1	0.2	56
3	1e-05	1	0.2	64
3	1e-05	1	0.3	8
3	1e-05	1	0.3	16
3	1e-05	1	0.3	24
3	1e-05	1	0.3	32
3	1e-05	1	0.3	40
3	1e-05	1	0.3	48
3	1e-05	1	0.3	56
3	1e-05	1	0.3	64
3	1e-05	1	0.4	8
3	1e-05	1	0.4	16
3	1e-05	1	0.4	24
3	1e-05	1	0.4	32
3	1e-05	1	0.4	40
3	1e-05	1	0.4	48
3	1e-05	1	0.4	56
3	1e-05	1	0.4	64
3	1e-05	1	0.5	8
3	1e-05	1	0.5	16
3	1e-05	1	0.5	24
3	1e-05	1	0.5	32
3	1e-05	1	0.5	40
3	1e-05	1	0.5	48
3	1e-05	1	0.5	56
3	1e-05	1	0.5	64
3	1e-05	2	0.2	8
3	1e-05	2	0.2	16
3	1e-05	2	0.2	24
3	1e-05	2	0.2	32
3	1e-05	2	0.2	40
3	1e-05	2	0.2	48
3	1e-05	2	0.2	56
3	1e-05	2	0.2	64
3	1e-05	2	0.3	8
3	1e-05	2	0.3	16
3	1e-05	2	0.3	24
3	1e-05	2	0.3	32
3	1e-05	2	0.3	40
3	1e-05	2	0.3	48
3	1e-05	2	0.3	56
3	1e-05	2	0.3	64
3	1e-05	2	0.4	8
3	1e-05	2	0.4	16
3	1e-05	2	0.4	24
3	1e-05	2	0.4	32
3	1e-05	2	0.4	40
3	1e-05	2	0.4	48
3	1e-05	2	0.4	56
3	1e-05	2	0.4	64
3	1e-05	2	0.5	8
3	1e-05	2	0.5	16
3	1e-05	2	0.5	24
3	1e-05	2	0.5	32
3	1e-05	2	0.5	40
3	1e-05	2	0.5	48
3	1e-05	2	0.5	56
3	1e-05	2	0.5	64
3	1e-05	3	0.2	8
3	1e-05	3	0.2	16
3	1e-05	3	0.2	24
3	1e-05	3	0.2	32
3	1e-05	3	0.2	40
3	1e-05	3	0.2	48
3	1e-05	3	0.2	56
3	1e-05	3	0.2	64
3	1e-05	3	0.3	8
3	1e-05	3	0.3	16
3	1e-05	3	0.3	24
3	1e-05	3	0.3	32
3	1e-05	3	0.3	40
3	1e-05	3	0.3	48
3	1e-05	3	0.3	56
3	1e-05	3	0.3	64
3	1e-05	3	0.4	8
3	1e-05	3	0.4	16
3	1e-05	3	0.4	24
3	1e-05	3	0.4	32
3	1e-05	3	0.4	40
3	1e-05	3	0.4	48
3	1e-05	3	0.4	56
3	1e-05	3	0.4	64
3	1e-05	3	0.5	8
3	1e-05	3	0.5	16
3	1e-05	3	0.5	24
3	1e-05	3	0.5	32
3	1e-05	3	0.5	40
3	1e-05	3	0.5	48
3	1e-05	3	0.5	56
3	1e-05	3	0.5	64
3	1e-05	4	0.2	8
3	1e-05	4	0.2	16
3	1e-05	4	0.2	24
3	1e-05	4	0.2	32
3	1e-05	4	0.2	40
3	1e-05	4	0.2	48
3	1e-05	4	0.2	56
3	1e-05	4	0.2	64
3	1e-05	4	0.3	8
3	1e-05	4	0.3	16
3	1e-05	4	0.3	24
3	1e-05	4	0.3	32
3	1e-05	4	0.3	40
3	1e-05	4	0.3	48
3	1e-05	4	0.3	56
3	1e-05	4	0.3	64
3	1e-05	4	0.4	8
3	1e-05	4	0.4	16
3	1e-05	4	0.4	24
3	1e-05	4	0.4	32
3	1e-05	4	0.4	40
3	1e-05	4	0.4	48
3	1e-05	4	0.4	56
3	1e-05	4	0.4	64
3	1e-05	4	0.5	8
3	1e-05	4	0.5	16
3	1e-05	4	0.5	24
3	1e-05	4	0.5	32
3	1e-05	4	0.5	40
3	1e-05	4	0.5	48
3	1e-05	4	0.5	56
3	1e-05	4	0.5	64
3	1e-04	1	0.2	8
3	1e-04	1	0.2	16
3	1e-04	1	0.2	24
3	1e-04	1	0.2	32
3	1e-04	1	0.2	40
3	1e-04	1	0.2	48
3	1e-04	1	0.2	56
3	1e-04	1	0.2	64
3	1e-04	1	0.3	8
3	1e-04	1	0.3	16
3	1e-04	1	0.3	24
3	1e-04	1	0.3	32
3	1e-04	1	0.3	40
3	1e-04	1	0.3	48
3	1e-04	1	0.3	56
3	1e-04	1	0.3	64
3	1e-04	1	0.4	8
3	1e-04	1	0.4	16
3	1e-04	1	0.4	24
3	1e-04	1	0.4	32
3	1e-04	1	0.4	40
3	1e-04	1	0.4	48
3	1e-04	1	0.4	56
3	1e-04	1	0.4	64
3	1e-04	1	0.5	8
3	1e-04	1	0.5	16
3	1e-04	1	0.5	24
3	1e-04	1	0.5	32
3	1e-04	1	0.5	40
3	1e-04	1	0.5	48
3	1e-04	1	0.5	56
3	1e-04	1	0.5	64
3	1e-04	2	0.2	8
3	1e-04	2	0.2	16
3	1e-04	2	0.2	24
3	1e-04	2	0.2	32
3	1e-04	2	0.2	40
3	1e-04	2	0.2	48
3	1e-04	2	0.2	56
3	1e-04	2	0.2	64
3	1e-04	2	0.3	8
3	1e-04	2	0.3	16
3	1e-04	2	0.3	24
3	1e-04	2	0.3	32
3	1e-04	2	0.3	40
3	1e-04	2	0.3	48
3	1e-04	2	0.3	56
3	1e-04	2	0.3	64
3	1e-04	2	0.4	8
3	1e-04	2	0.4	16
3	1e-04	2	0.4	24
3	1e-04	2	0.4	32
3	1e-04	2	0.4	40
3	1e-04	2	0.4	48
3	1e-04	2	0.4	56
3	1e-04	2	0.4	64
3	1e-04	2	0.5	8
3	1e-04	2	0.5	16
3	1e-04	2	0.5	24
3	1e-04	2	0.5	32
3	1e-04	2	0.5	40
3	1e-04	2	0.5	48
3	1e-04	2	0.5	56
3	1e-04	2	0.5	64
3	1e-04	3	0.2	8
3	1e-04	3	0.2	16
3	1e-04	3	0.2	24
3	1e-04	3	0.2	32
3	1e-04	3	0.2	40
3	1e-04	3	0.2	48
3	1e-04	3	0.2	56
3	1e-04	3	0.2	64
3	1e-04	3	0.3	8
3	1e-04	3	0.3	16
3	1e-04	3	0.3	24
3	1e-04	3	0.3	32
3	1e-04	3	0.3	40
3	1e-04	3	0.3	48
3	1e-04	3	0.3	56
3	1e-04	3	0.3	64
3	1e-04	3	0.4	8
3	1e-04	3	0.4	16
3	1e-04	3	0.4	24
3	1e-04	3	0.4	32
3	1e-04	3	0.4	40
3	1e-04	3	0.4	48
3	1e-04	3	0.4	56
3	1e-04	3	0.4	64
3	1e-04	3	0.5	8
3	1e-04	3	0.5	16
3	1e-04	3	0.5	24
3	1e-04	3	0.5	32
3	1e-04	3	0.5	40
3	1e-04	3	0.5	48
3	1e-04	3	0.5	56
3	1e-04	3	0.5	64
3	1e-04	4	0.2	8
3	1e-04	4	0.2	16
3	1e-04	4	0.2	24
3	1e-04	4	0.2	32
3	1e-04	4	0.2	40
3	1e-04	4	0.2	48
3	1e-04	4	0.2	56
3	1e-04	4	0.2	64
3	1e-04	4	0.3	8
3	1e-04	4	0.3	16
3	1e-04	4	0.3	24
3	1e-04	4	0.3	32
3	1e-04	4	0.3	40
3	1e-04	4	0.3	48
3	1e-04	4	0.3	56
3	1e-04	4	0.3	64
3	1e-04	4	0.4	8
3	1e-04	4	0.4	16
3	1e-04	4	0.4	24
3	1e-04	4	0.4	32
3	1e-04	4	0.4	40
3	1e-04	4	0.4	48
3	1e-04	4	0.4	56
3	1e-04	4	0.4	64
3	1e-04	4	0.5	8
3	1e-04	4	0.5	16
3	1e-04	4	0.5	24
3	1e-04	4	0.5	32
3	1e-04	4	0.5	40
3	1e-04	4	0.5	48
3	1e-04	4	0.5	56
3	1e-04	4	0.5	64
3	0.001	1	0.2	8
3	0.001	1	0.2	16
3	0.001	1	0.2	24
3	0.001	1	0.2	32
3	0.001	1	0.2	40
3	0.001	1	0.2	48
3	0.001	1	0.2	56
3	0.001	1	0.2	64
3	0.001	1	0.3	8
3	0.001	1	0.3	16
3	0.001	1	0.3	24
3	0.001	1	0.3	32
3	0.001	1	0.3	40
3	0.001	1	0.3	48
3	0.001	1	0.3	56
3	0.001	1	0.3	64
3	0.001	1	0.4	8
3	0.001	1	0.4	16
3	0.001	1	0.4	24
3	0.001	1	0.4	32
3	0.001	1	0.4	40
3	0.001	1	0.4	48
3	0.001	1	0.4	56
3	0.001	1	0.4	64
3	0.001	1	0.5	8
3	0.001	1	0.5	16
3	0.001	1	0.5	24
3	0.001	1	0.5	32
3	0.001	1	0.5	40
3	0.001	1	0.5	48
3	0.001	1	0.5	56
3	0.001	1	0.5	64
3	0.001	2	0.2	8
3	0.001	2	0.2	16
3	0.001	2	0.2	24
3	0.001	2	0.2	32
3	0.001	2	0.2	40
3	0.001	2	0.2	48
3	0.001	2	0.2	56
3	0.001	2	0.2	64
3	0.001	2	0.3	8
3	0.001	2	0.3	16
3	0.001	2	0.3	24
3	0.001	2	0.3	32
3	0.001	2	0.3	40
3	0.001	2	0.3	48
3	0.001	2	0.3	56
3	0.001	2	0.3	64
3	0.001	2	0.4	8
3	0.001	2	0.4	16
3	0.001	2	0.4	24
3	0.001	2	0.4	32
3	0.001	2	0.4	40
3	0.001	2	0.4	48
3	0.001	2	0.4	56
3	0.001	2	0.4	64
3	0.001	2	0.5	8
3	0.001	2	0.5	16
3	0.001	2	0.5	24
3	0.001	2	0.5	32
3	0.001	2	0.5	40
3	0.001	2	0.5	48
3	0.001	2	0.5	56
3	0.001	2	0.5	64
3	0.001	3	0.2	8
3	0.001	3	0.2	16
3	0.001	3	0.2	24
3	0.001	3	0.2	32
3	0.001	3	0.2	40
3	0.001	3	0.2	48
3	0.001	3	0.2	56
3	0.001	3	0.2	64
3	0.001	3	0.3	8
3	0.001	3	0.3	16
3	0.001	3	0.3	24
3	0.001	3	0.3	32
3	0.001	3	0.3	40
3	0.001	3	0.3	48
3	0.001	3	0.3	56
3	0.001	3	0.3	64
3	0.001	3	0.4	8
3	0.001	3	0.4	16
3	0.001	3	0.4	24
3	0.001	3	0.4	32
3	0.001	3	0.4	40
3	0.001	3	0.4	48
3	0.001	3	0.4	56
3	0.001	3	0.4	64
3	0.001	3	0.5	8
3	0.001	3	0.5	16
3	0.001	3	0.5	24
3	0.001	3	0.5	32
3	0.001	3	0.5	40
3	0.001	3	0.5	48
3	0.001	3	0.5	56
3	0.001	3	0.5	64
3	0.001	4	0.2	8
3	0.001	4	0.2	16
3	0.001	4	0.2	24
3	0.001	4	0.2	32
3	0.001	4	0.2	40
3	0.001	4	0.2	48
3	0.001	4	0.2	56
3	0.001	4	0.2	64
3	0.001	4	0.3	8
3	0.001	4	0.3	16
3	0.001	4	0.3	24
3	0.001	4	0.3	32
3	0.001	4	0.3	40
3	0.001	4	0.3	48
3	0.001	4	0.3	56
3	0.001	4	0.3	64
3	0.001	4	0.4	8
3	0.001	4	0.4	16
3	0.001	4	0.4	24
3	0.001	4	0.4	32
3	0.001	4	0.4	40
3	0.001	4	0.4	48
3	0.001	4	0.4	56
3	0.001	4	0.4	64
3	0.001	4	0.5	8
3	0.001	4	0.5	16
3	0.001	4	0.5	24
3	0.001	4	0.5	32
3	0.001	4	0.5	40
3	0.001	4	0.5	48
3	0.001	4	0.5	56
3	0.001	4	0.5	64
3	0.01	1	0.2	8
3	0.01	1	0.2	16
3	0.01	1	0.2	24
3	0.01	1	0.2	32
3	0.01	1	0.2	40
3	0.01	1	0.2	48
3	0.01	1	0.2	56
3	0.01	1	0.2	64
3	0.01	1	0.3	8
3	0.01	1	0.3	16
3	0.01	1	0.3	24
3	0.01	1	0.3	32
3	0.01	1	0.3	40
3	0.01	1	0.3	48
3	0.01	1	0.3	56
3	0.01	1	0.3	64
3	0.01	1	0.4	8
3	0.01	1	0.4	16
3	0.01	1	0.4	24
3	0.01	1	0.4	32
3	0.01	1	0.4	40
3	0.01	1	0.4	48
3	0.01	1	0.4	56
3	0.01	1	0.4	64
3	0.01	1	0.5	8
3	0.01	1	0.5	16
3	0.01	1	0.5	24
3	0.01	1	0.5	32
3	0.01	1	0.5	40
3	0.01	1	0.5	48
3	0.01	1	0.5	56
3	0.01	1	0.5	64
3	0.01	2	0.2	8
3	0.01	2	0.2	16
3	0.01	2	0.2	24
3	0.01	2	0.2	32
3	0.01	2	0.2	40
3	0.01	2	0.2	48
3	0.01	2	0.2	56
3	0.01	2	0.2	64
3	0.01	2	0.3	8
3	0.01	2	0.3	16
3	0.01	2	0.3	24
3	0.01	2	0.3	32
3	0.01	2	0.3	40
3	0.01	2	0.3	48
3	0.01	2	0.3	56
3	0.01	2	0.3	64
3	0.01	2	0.4	8
3	0.01	2	0.4	16
3	0.01	2	0.4	24
3	0.01	2	0.4	32
3	0.01	2	0.4	40
3	0.01	2	0.4	48
3	0.01	2	0.4	56
3	0.01	2	0.4	64
3	0.01	2	0.5	8
3	0.01	2	0.5	16
3	0.01	2	0.5	24
3	0.01	2	0.5	32
3	0.01	2	0.5	40
3	0.01	2	0.5	48
3	0.01	2	0.5	56
3	0.01	2	0.5	64
3	0.01	3	0.2	8
3	0.01	3	0.2	16
3	0.01	3	0.2	24
3	0.01	3	0.2	32
3	0.01	3	0.2	40
3	0.01	3	0.2	48
3	0.01	3	0.2	56
3	0.01	3	0.2	64
3	0.01	3	0.3	8
3	0.01	3	0.3	16
3	0.01	3	0.3	24
3	0.01	3	0.3	32
3	0.01	3	0.3	40
3	0.01	3	0.3	48
3	0.01	3	0.3	56
3	0.01	3	0.3	64
3	0.01	3	0.4	8
3	0.01	3	0.4	16
3	0.01	3	0.4	24
3	0.01	3	0.4	32
3	0.01	3	0.4	40
3	0.01	3	0.4	48
3	0.01	3	0.4	56
3	0.01	3	0.4	64
3	0.01	3	0.5	8
3	0.01	3	0.5	16
3	0.01	3	0.5	24
3	0.01	3	0.5	32
3	0.01	3	0.5	40
3	0.01	3	0.5	48
3	0.01	3	0.5	56
3	0.01	3	0.5	64
3	0.01	4	0.2	8
3	0.01	4	0.2	16
3	0.01	4	0.2	24
3	0.01	4	0.2	32
3	0.01	4	0.2	40
3	0.01	4	0.2	48
3	0.01	4	0.2	56
3	0.01	4	0.2	64
3	0.01	4	0.3	8
3	0.01	4	0.3	16
3	0.01	4	0.3	24
3	0.01	4	0.3	32
3	0.01	4	0.3	40
3	0.01	4	0.3	48
3	0.01	4	0.3	56
3	0.01	4	0.3	64
3	0.01	4	0.4	8
3	0.01	4	0.4	16
3	0.01	4	0.4	24
3	0.01	4	0.4	32
3	0.01	4	0.4	40
3	0.01	4	0.4	48
3	0.01	4	0.4	56
3	0.01	4	0.4	64
3	0.01	4	0.5	8
3	0.01	4	0.5	16
3	0.01	4	0.5	24
3	0.01	4	0.5	32
3	0.01	4	0.5	40
3	0.01	4	0.5	48
3	0.01	4	0.5	56
3	0.01	4	0.5	64
4	1e-08	1	0.2	8
4	1e-08	1	0.2	16
4	1e-08	1	0.2	24
4	1e-08	1	0.2	32
4	1e-08	1	0.2	40
4	1e-08	1	0.2	48
4	1e-08	1	0.2	56
4	1e-08	1	0.2	64
4	1e-08	1	0.3	8
4	1e-08	1	0.3	16
4	1e-08	1	0.3	24
4	1e-08	1	0.3	32
4	1e-08	1	0.3	40
4	1e-08	1	0.3	48
4	1e-08	1	0.3	56
4	1e-08	1	0.3	64
4	1e-08	1	0.4	8
4	1e-08	1	0.4	16
4	1e-08	1	0.4	24
4	1e-08	1	0.4	32
4	1e-08	1	0.4	40
4	1e-08	1	0.4	48
4	1e-08	1	0.4	56
4	1e-08	1	0.4	64
4	1e-08	1	0.5	8
4	1e-08	1	0.5	16
4	1e-08	1	0.5	24
4	1e-08	1	0.5	32
4	1e-08	1	0.5	40
4	1e-08	1	0.5	48
4	1e-08	1	0.5	56
4	1e-08	1	0.5	64
4	1e-08	2	0.2	8
4	1e-08	2	0.2	16
4	1e-08	2	0.2	24
4	1e-08	2	0.2	32
4	1e-08	2	0.2	40
4	1e-08	2	0.2	48
4	1e-08	2	0.2	56
4	1e-08	2	0.2	64
4	1e-08	2	0.3	8
4	1e-08	2	0.3	16
4	1e-08	2	0.3	24
4	1e-08	2	0.3	32
4	1e-08	2	0.3	40
4	1e-08	2	0.3	48
4	1e-08	2	0.3	56
4	1e-08	2	0.3	64
4	1e-08	2	0.4	8
4	1e-08	2	0.4	16
4	1e-08	2	0.4	24
4	1e-08	2	0.4	32
4	1e-08	2	0.4	40
4	1e-08	2	0.4	48
4	1e-08	2	0.4	56
4	1e-08	2	0.4	64
4	1e-08	2	0.5	8
4	1e-08	2	0.5	16
4	1e-08	2	0.5	24
4	1e-08	2	0.5	32
4	1e-08	2	0.5	40
4	1e-08	2	0.5	48
4	1e-08	2	0.5	56
4	1e-08	2	0.5	64
4	1e-08	3	0.2	8
4	1e-08	3	0.2	16
4	1e-08	3	0.2	24
4	1e-08	3	0.2	32
4	1e-08	3	0.2	40
4	1e-08	3	0.2	48
4	1e-08	3	0.2	56
4	1e-08	3	0.2	64
4	1e-08	3	0.3	8
4	1e-08	3	0.3	16
4	1e-08	3	0.3	24
4	1e-08	3	0.3	32
4	1e-08	3	0.3	40
4	1e-08	3	0.3	48
4	1e-08	3	0.3	56
4	1e-08	3	0.3	64
4	1e-08	3	0.4	8
4	1e-08	3	0.4	16
4	1e-08	3	0.4	24
4	1e-08	3	0.4	32
4	1e-08	3	0.4	40
4	1e-08	3	0.4	48
4	1e-08	3	0.4	56
4	1e-08	3	0.4	64
4	1e-08	3	0.5	8
4	1e-08	3	0.5	16
4	1e-08	3	0.5	24
4	1e-08	3	0.5	32
4	1e-08	3	0.5	40
4	1e-08	3	0.5	48
4	1e-08	3	0.5	56
4	1e-08	3	0.5	64
4	1e-08	4	0.2	8
4	1e-08	4	0.2	16
4	1e-08	4	0.2	24
4	1e-08	4	0.2	32
4	1e-08	4	0.2	40
4	1e-08	4	0.2	48
4	1e-08	4	0.2	56
4	1e-08	4	0.2	64
4	1e-08	4	0.3	8
4	1e-08	4	0.3	16
4	1e-08	4	0.3	24
4	1e-08	4	0.3	32
4	1e-08	4	0.3	40
4	1e-08	4	0.3	48
4	1e-08	4	0.3	56
4	1e-08	4	0.3	64
4	1e-08	4	0.4	8
4	1e-08	4	0.4	16
4	1e-08	4	0.4	24
4	1e-08	4	0.4	32
4	1e-08	4	0.4	40
4	1e-08	4	0.4	48
4	1e-08	4	0.4	56
4	1e-08	4	0.4	64
4	1e-08	4	0.5	8
4	1e-08	4	0.5	16
4	1e-08	4	0.5	24
4	1e-08	4	0.5	32
4	1e-08	4	0.5	40
4	1e-08	4	0.5	48
4	1e-08	4	0.5	56
4	1e-08	4	0.5	64
4	1e-07	1	0.2	8
4	1e-07	1	0.2	16
4	1e-07	1	0.2	24
4	1e-07	1	0.2	32
4	1e-07	1	0.2	40
4	1e-07	1	0.2	48
4	1e-07	1	0.2	56
4	1e-07	1	0.2	64
4	1e-07	1	0.3	8
4	1e-07	1	0.3	16
4	1e-07	1	0.3	24
4	1e-07	1	0.3	32
4	1e-07	1	0.3	40
4	1e-07	1	0.3	48
4	1e-07	1	0.3	56
4	1e-07	1	0.3	64
4	1e-07	1	0.4	8
4	1e-07	1	0.4	16
4	1e-07	1	0.4	24
4	1e-07	1	0.4	32
4	1e-07	1	0.4	40
4	1e-07	1	0.4	48
4	1e-07	1	0.4	56
4	1e-07	1	0.4	64
4	1e-07	1	0.5	8
4	1e-07	1	0.5	16
4	1e-07	1	0.5	24
4	1e-07	1	0.5	32
4	1e-07	1	0.5	40
4	1e-07	1	0.5	48
4	1e-07	1	0.5	56
4	1e-07	1	0.5	64
4	1e-07	2	0.2	8
4	1e-07	2	0.2	16
4	1e-07	2	0.2	24
4	1e-07	2	0.2	32
4	1e-07	2	0.2	40
4	1e-07	2	0.2	48
4	1e-07	2	0.2	56
4	1e-07	2	0.2	64
4	1e-07	2	0.3	8
4	1e-07	2	0.3	16
4	1e-07	2	0.3	24
4	1e-07	2	0.3	32
4	1e-07	2	0.3	40
4	1e-07	2	0.3	48
4	1e-07	2	0.3	56
4	1e-07	2	0.3	64
4	1e-07	2	0.4	8
4	1e-07	2	0.4	16
4	1e-07	2	0.4	24
4	1e-07	2	0.4	32
4	1e-07	2	0.4	40
4	1e-07	2	0.4	48
4	1e-07	2	0.4	56
4	1e-07	2	0.4	64
4	1e-07	2	0.5	8
4	1e-07	2	0.5	16
4	1e-07	2	0.5	24
4	1e-07	2	0.5	32
4	1e-07	2	0.5	40
4	1e-07	2	0.5	48
4	1e-07	2	0.5	56
4	1e-07	2	0.5	64
4	1e-07	3	0.2	8
4	1e-07	3	0.2	16
4	1e-07	3	0.2	24
4	1e-07	3	0.2	32
4	1e-07	3	0.2	40
4	1e-07	3	0.2	48
4	1e-07	3	0.2	56
4	1e-07	3	0.2	64
4	1e-07	3	0.3	8
4	1e-07	3	0.3	16
4	1e-07	3	0.3	24
4	1e-07	3	0.3	32
4	1e-07	3	0.3	40
4	1e-07	3	0.3	48
4	1e-07	3	0.3	56
4	1e-07	3	0.3	64
4	1e-07	3	0.4	8
4	1e-07	3	0.4	16
4	1e-07	3	0.4	24
4	1e-07	3	0.4	32
4	1e-07	3	0.4	40
4	1e-07	3	0.4	48
4	1e-07	3	0.4	56
4	1e-07	3	0.4	64
4	1e-07	3	0.5	8
4	1e-07	3	0.5	16
4	1e-07	3	0.5	24
4	1e-07	3	0.5	32
4	1e-07	3	0.5	40
4	1e-07	3	0.5	48
4	1e-07	3	0.5	56
4	1e-07	3	0.5	64
4	1e-07	4	0.2	8
4	1e-07	4	0.2	16
4	1e-07	4	0.2	24
4	1e-07	4	0.2	32
4	1e-07	4	0.2	40
4	1e-07	4	0.2	48
4	1e-07	4	0.2	56
4	1e-07	4	0.2	64
4	1e-07	4	0.3	8
4	1e-07	4	0.3	16
4	1e-07	4	0.3	24
4	1e-07	4	0.3	32
4	1e-07	4	0.3	40
4	1e-07	4	0.3	48
4	1e-07	4	0.3	56
4	1e-07	4	0.3	64
4	1e-07	4	0.4	8
4	1e-07	4	0.4	16
4	1e-07	4	0.4	24
4	1e-07	4	0.4	32
4	1e-07	4	0.4	40
4	1e-07	4	0.4	48
4	1e-07	4	0.4	56
4	1e-07	4	0.4	64
4	1e-07	4	0.5	8
4	1e-07	4	0.5	16
4	1e-07	4	0.5	24
4	1e-07	4	0.5	32
4	1e-07	4	0.5	40
4	1e-07	4	0.5	48
4	1e-07	4	0.5	56
4	1e-07	4	0.5	64
4	1e-06	1	0.2	8
4	1e-06	1	0.2	16
4	1e-06	1	0.2	24
4	1e-06	1	0.2	32
4	1e-06	1	0.2	40
4	1e-06	1	0.2	48
4	1e-06	1	0.2	56
4	1e-06	1	0.2	64
4	1e-06	1	0.3	8
4	1e-06	1	0.3	16
4	1e-06	1	0.3	24
4	1e-06	1	0.3	32
4	1e-06	1	0.3	40
4	1e-06	1	0.3	48
4	1e-06	1	0.3	56
4	1e-06	1	0.3	64
4	1e-06	1	0.4	8
4	1e-06	1	0.4	16
4	1e-06	1	0.4	24
4	1e-06	1	0.4	32
4	1e-06	1	0.4	40
4	1e-06	1	0.4	48
4	1e-06	1	0.4	56
4	1e-06	1	0.4	64
4	1e-06	1	0.5	8
4	1e-06	1	0.5	16
4	1e-06	1	0.5	24
4	1e-06	1	0.5	32
4	1e-06	1	0.5	40
4	1e-06	1	0.5	48
4	1e-06	1	0.5	56
4	1e-06	1	0.5	64
4	1e-06	2	0.2	8
4	1e-06	2	0.2	16
4	1e-06	2	0.2	24
4	1e-06	2	0.2	32
4	1e-06	2	0.2	40
4	1e-06	2	0.2	48
4	1e-06	2	0.2	56
4	1e-06	2	0.2	64
4	1e-06	2	0.3	8
4	1e-06	2	0.3	16
4	1e-06	2	0.3	24
4	1e-06	2	0.3	32
4	1e-06	2	0.3	40
4	1e-06	2	0.3	48
4	1e-06	2	0.3	56
4	1e-06	2	0.3	64
4	1e-06	2	0.4	8
4	1e-06	2	0.4	16
4	1e-06	2	0.4	24
4	1e-06	2	0.4	32
4	1e-06	2	0.4	40
4	1e-06	2	0.4	48
4	1e-06	2	0.4	56
4	1e-06	2	0.4	64
4	1e-06	2	0.5	8
4	1e-06	2	0.5	16
4	1e-06	2	0.5	24
4	1e-06	2	0.5	32
4	1e-06	2	0.5	40
4	1e-06	2	0.5	48
4	1e-06	2	0.5	56
4	1e-06	2	0.5	64
4	1e-06	3	0.2	8
4	1e-06	3	0.2	16
4	1e-06	3	0.2	24
4	1e-06	3	0.2	32
4	1e-06	3	0.2	40
4	1e-06	3	0.2	48
4	1e-06	3	0.2	56
4	1e-06	3	0.2	64
4	1e-06	3	0.3	8
4	1e-06	3	0.3	16
4	1e-06	3	0.3	24
4	1e-06	3	0.3	32
4	1e-06	3	0.3	40
4	1e-06	3	0.3	48
4	1e-06	3	0.3	56
4	1e-06	3	0.3	64
4	1e-06	3	0.4	8
4	1e-06	3	0.4	16
4	1e-06	3	0.4	24
4	1e-06	3	0.4	32
4	1e-06	3	0.4	40
4	1e-06	3	0.4	48
4	1e-06	3	0.4	56
4	1e-06	3	0.4	64
4	1e-06	3	0.5	8
4	1e-06	3	0.5	16
4	1e-06	3	0.5	24
4	1e-06	3	0.5	32
4	1e-06	3	0.5	40
4	1e-06	3	0.5	48
4	1e-06	3	0.5	56
4	1e-06	3	0.5	64
4	1e-06	4	0.2	8
4	1e-06	4	0.2	16
4	1e-06	4	0.2	24
4	1e-06	4	0.2	32
4	1e-06	4	0.2	40
4	1e-06	4	0.2	48
4	1e-06	4	0.2	56
4	1e-06	4	0.2	64
4	1e-06	4	0.3	8
4	1e-06	4	0.3	16
4	1e-06	4	0.3	24
4	1e-06	4	0.3	32
4	1e-06	4	0.3	40
4	1e-06	4	0.3	48
4	1e-06	4	0.3	56
4	1e-06	4	0.3	64
4	1e-06	4	0.4	8
4	1e-06	4	0.4	16
4	1e-06	4	0.4	24
4	1e-06	4	0.4	32
4	1e-06	4	0.4	40
4	1e-06	4	0.4	48
4	1e-06	4	0.4	56
4	1e-06	4	0.4	64
4	1e-06	4	0.5	8
4	1e-06	4	0.5	16
4	1e-06	4	0.5	24
4	1e-06	4	0.5	32
4	1e-06	4	0.5	40
4	1e-06	4	0.5	48
4	1e-06	4	0.5	56
4	1e-06	4	0.5	64
4	1e-05	1	0.2	8
4	1e-05	1	0.2	16
4	1e-05	1	0.2	24
4	1e-05	1	0.2	32
4	1e-05	1	0.2	40
4	1e-05	1	0.2	48
4	1e-05	1	0.2	56
4	1e-05	1	0.2	64
4	1e-05	1	0.3	8
4	1e-05	1	0.3	16
4	1e-05	1	0.3	24
4	1e-05	1	0.3	32
4	1e-05	1	0.3	40
4	1e-05	1	0.3	48
4	1e-05	1	0.3	56
4	1e-05	1	0.3	64
4	1e-05	1	0.4	8
4	1e-05	1	0.4	16
4	1e-05	1	0.4	24
4	1e-05	1	0.4	32
4	1e-05	1	0.4	40
4	1e-05	1	0.4	48
4	1e-05	1	0.4	56
4	1e-05	1	0.4	64
4	1e-05	1	0.5	8
4	1e-05	1	0.5	16
4	1e-05	1	0.5	24
4	1e-05	1	0.5	32
4	1e-05	1	0.5	40
4	1e-05	1	0.5	48
4	1e-05	1	0.5	56
4	1e-05	1	0.5	64
4	1e-05	2	0.2	8
4	1e-05	2	0.2	16
4	1e-05	2	0.2	24
4	1e-05	2	0.2	32
4	1e-05	2	0.2	40
4	1e-05	2	0.2	48
4	1e-05	2	0.2	56
4	1e-05	2	0.2	64
4	1e-05	2	0.3	8
4	1e-05	2	0.3	16
4	1e-05	2	0.3	24
4	1e-05	2	0.3	32
4	1e-05	2	0.3	40
4	1e-05	2	0.3	48
4	1e-05	2	0.3	56
4	1e-05	2	0.3	64
4	1e-05	2	0.4	8
4	1e-05	2	0.4	16
4	1e-05	2	0.4	24
4	1e-05	2	0.4	32
4	1e-05	2	0.4	40
4	1e-05	2	0.4	48
4	1e-05	2	0.4	56
4	1e-05	2	0.4	64
4	1e-05	2	0.5	8
4	1e-05	2	0.5	16
4	1e-05	2	0.5	24
4	1e-05	2	0.5	32
4	1e-05	2	0.5	40
4	1e-05	2	0.5	48
4	1e-05	2	0.5	56
4	1e-05	2	0.5	64
4	1e-05	3	0.2	8
4	1e-05	3	0.2	16
4	1e-05	3	0.2	24
4	1e-05	3	0.2	32
4	1e-05	3	0.2	40
4	1e-05	3	0.2	48
4	1e-05	3	0.2	56
4	1e-05	3	0.2	64
4	1e-05	3	0.3	8
4	1e-05	3	0.3	16
4	1e-05	3	0.3	24
4	1e-05	3	0.3	32
4	1e-05	3	0.3	40
4	1e-05	3	0.3	48
4	1e-05	3	0.3	56
4	1e-05	3	0.3	64
4	1e-05	3	0.4	8
4	1e-05	3	0.4	16
4	1e-05	3	0.4	24
4	1e-05	3	0.4	32
4	1e-05	3	0.4	40
4	1e-05	3	0.4	48
4	1e-05	3	0.4	56
4	1e-05	3	0.4	64
4	1e-05	3	0.5	8
4	1e-05	3	0.5	16
4	1e-05	3	0.5	24
4	1e-05	3	0.5	32
4	1e-05	3	0.5	40
4	1e-05	3	0.5	48
4	1e-05	3	0.5	56
4	1e-05	3	0.5	64
4	1e-05	4	0.2	8
4	1e-05	4	0.2	16
4	1e-05	4	0.2	24
4	1e-05	4	0.2	32
4	1e-05	4	0.2	40
4	1e-05	4	0.2	48
4	1e-05	4	0.2	56
4	1e-05	4	0.2	64
4	1e-05	4	0.3	8
4	1e-05	4	0.3	16
4	1e-05	4	0.3	24
4	1e-05	4	0.3	32
4	1e-05	4	0.3	40
4	1e-05	4	0.3	48
4	1e-05	4	0.3	56
4	1e-05	4	0.3	64
4	1e-05	4	0.4	8
4	1e-05	4	0.4	16
4	1e-05	4	0.4	24
4	1e-05	4	0.4	32
4	1e-05	4	0.4	40
4	1e-05	4	0.4	48
4	1e-05	4	0.4	56
4	1e-05	4	0.4	64
4	1e-05	4	0.5	8
4	1e-05	4	0.5	16
4	1e-05	4	0.5	24
4	1e-05	4	0.5	32
4	1e-05	4	0.5	40
4	1e-05	4	0.5	48
4	1e-05	4	0.5	56
4	1e-05	4	0.5	64
4	1e-04	1	0.2	8
4	1e-04	1	0.2	16
4	1e-04	1	0.2	24
4	1e-04	1	0.2	32
4	1e-04	1	0.2	40
4	1e-04	1	0.2	48
4	1e-04	1	0.2	56
4	1e-04	1	0.2	64
4	1e-04	1	0.3	8
4	1e-04	1	0.3	16
4	1e-04	1	0.3	24
4	1e-04	1	0.3	32
4	1e-04	1	0.3	40
4	1e-04	1	0.3	48
4	1e-04	1	0.3	56
4	1e-04	1	0.3	64
4	1e-04	1	0.4	8
4	1e-04	1	0.4	16
4	1e-04	1	0.4	24
4	1e-04	1	0.4	32
4	1e-04	1	0.4	40
4	1e-04	1	0.4	48
4	1e-04	1	0.4	56
4	1e-04	1	0.4	64
4	1e-04	1	0.5	8
4	1e-04	1	0.5	16
4	1e-04	1	0.5	24
4	1e-04	1	0.5	32
4	1e-04	1	0.5	40
4	1e-04	1	0.5	48
4	1e-04	1	0.5	56
4	1e-04	1	0.5	64
4	1e-04	2	0.2	8
4	1e-04	2	0.2	16
4	1e-04	2	0.2	24
4	1e-04	2	0.2	32
4	1e-04	2	0.2	40
4	1e-04	2	0.2	48
4	1e-04	2	0.2	56
4	1e-04	2	0.2	64
4	1e-04	2	0.3	8
4	1e-04	2	0.3	16
4	1e-04	2	0.3	24
4	1e-04	2	0.3	32
4	1e-04	2	0.3	40
4	1e-04	2	0.3	48
4	1e-04	2	0.3	56
4	1e-04	2	0.3	64
4	1e-04	2	0.4	8
4	1e-04	2	0.4	16
4	1e-04	2	0.4	24
4	1e-04	2	0.4	32
4	1e-04	2	0.4	40
4	1e-04	2	0.4	48
4	1e-04	2	0.4	56
4	1e-04	2	0.4	64
4	1e-04	2	0.5	8
4	1e-04	2	0.5	16
4	1e-04	2	0.5	24
4	1e-04	2	0.5	32
4	1e-04	2	0.5	40
4	1e-04	2	0.5	48
4	1e-04	2	0.5	56
4	1e-04	2	0.5	64
4	1e-04	3	0.2	8
4	1e-04	3	0.2	16
4	1e-04	3	0.2	24
4	1e-04	3	0.2	32
4	1e-04	3	0.2	40
4	1e-04	3	0.2	48
4	1e-04	3	0.2	56
4	1e-04	3	0.2	64
4	1e-04	3	0.3	8
4	1e-04	3	0.3	16
4	1e-04	3	0.3	24
4	1e-04	3	0.3	32
4	1e-04	3	0.3	40
4	1e-04	3	0.3	48
4	1e-04	3	0.3	56
4	1e-04	3	0.3	64
4	1e-04	3	0.4	8
4	1e-04	3	0.4	16
4	1e-04	3	0.4	24
4	1e-04	3	0.4	32
4	1e-04	3	0.4	40
4	1e-04	3	0.4	48
4	1e-04	3	0.4	56
4	1e-04	3	0.4	64
4	1e-04	3	0.5	8
4	1e-04	3	0.5	16
4	1e-04	3	0.5	24
4	1e-04	3	0.5	32
4	1e-04	3	0.5	40
4	1e-04	3	0.5	48
4	1e-04	3	0.5	56
4	1e-04	3	0.5	64
4	1e-04	4	0.2	8
4	1e-04	4	0.2	16
4	1e-04	4	0.2	24
4	1e-04	4	0.2	32
4	1e-04	4	0.2	40
4	1e-04	4	0.2	48
4	1e-04	4	0.2	56
4	1e-04	4	0.2	64
4	1e-04	4	0.3	8
4	1e-04	4	0.3	16
4	1e-04	4	0.3	24
4	1e-04	4	0.3	32
4	1e-04	4	0.3	40
4	1e-04	4	0.3	48
4	1e-04	4	0.3	56
4	1e-04	4	0.3	64
4	1e-04	4	0.4	8
4	1e-04	4	0.4	16
4	1e-04	4	0.4	24
4	1e-04	4	0.4	32
4	1e-04	4	0.4	40
4	1e-04	4	0.4	48
4	1e-04	4	0.4	56
4	1e-04	4	0.4	64
4	1e-04	4	0.5	8
4	1e-04	4	0.5	16
4	1e-04	4	0.5	24
4	1e-04	4	0.5	32
4	1e-04	4	0.5	40
4	1e-04	4	0.5	48
4	1e-04	4	0.5	56
4	1e-04	4	0.5	64
4	0.001	1	0.2	8
4	0.001	1	0.2	16
4	0.001	1	0.2	24
4	0.001	1	0.2	32
4	0.001	1	0.2	40
4	0.001	1	0.2	48
4	0.001	1	0.2	56
4	0.001	1	0.2	64
4	0.001	1	0.3	8
4	0.001	1	0.3	16
4	0.001	1	0.3	24
4	0.001	1	0.3	32
4	0.001	1	0.3	40
4	0.001	1	0.3	48
4	0.001	1	0.3	56
4	0.001	1	0.3	64
4	0.001	1	0.4	8
4	0.001	1	0.4	16
4	0.001	1	0.4	24
4	0.001	1	0.4	32
4	0.001	1	0.4	40
4	0.001	1	0.4	48
4	0.001	1	0.4	56
4	0.001	1	0.4	64
4	0.001	1	0.5	8
4	0.001	1	0.5	16
4	0.001	1	0.5	24
4	0.001	1	0.5	32
4	0.001	1	0.5	40
4	0.001	1	0.5	48
4	0.001	1	0.5	56
4	0.001	1	0.5	64
4	0.001	2	0.2	8
4	0.001	2	0.2	16
4	0.001	2	0.2	24
4	0.001	2	0.2	32
4	0.001	2	0.2	40
4	0.001	2	0.2	48
4	0.001	2	0.2	56
4	0.001	2	0.2	64
4	0.001	2	0.3	8
4	0.001	2	0.3	16
4	0.001	2	0.3	24
4	0.001	2	0.3	32
4	0.001	2	0.3	40
4	0.001	2	0.3	48
4	0.001	2	0.3	56
4	0.001	2	0.3	64
4	0.001	2	0.4	8
4	0.001	2	0.4	16
4	0.001	2	0.4	24
4	0.001	2	0.4	32
4	0.001	2	0.4	40
4	0.001	2	0.4	48
4	0.001	2	0.4	56
4	0.001	2	0.4	64
4	0.001	2	0.5	8
4	0.001	2	0.5	16
4	0.001	2	0.5	24
4	0.001	2	0.5	32
4	0.001	2	0.5	40
4	0.001	2	0.5	48
4	0.001	2	0.5	56
4	0.001	2	0.5	64
4	0.001	3	0.2	8
4	0.001	3	0.2	16
4	0.001	3	0.2	24
4	0.001	3	0.2	32
4	0.001	3	0.2	40
4	0.001	3	0.2	48
4	0.001	3	0.2	56
4	0.001	3	0.2	64
4	0.001	3	0.3	8
4	0.001	3	0.3	16
4	0.001	3	0.3	24
4	0.001	3	0.3	32
4	0.001	3	0.3	40
4	0.001	3	0.3	48
4	0.001	3	0.3	56
4	0.001	3	0.3	64
4	0.001	3	0.4	8
4	0.001	3	0.4	16
4	0.001	3	0.4	24
4	0.001	3	0.4	32
4	0.001	3	0.4	40
4	0.001	3	0.4	48
4	0.001	3	0.4	56
4	0.001	3	0.4	64
4	0.001	3	0.5	8
4	0.001	3	0.5	16
4	0.001	3	0.5	24
4	0.001	3	0.5	32
4	0.001	3	0.5	40
4	0.001	3	0.5	48
4	0.001	3	0.5	56
4	0.001	3	0.5	64
4	0.001	4	0.2	8
4	0.001	4	0.2	16
4	0.001	4	0.2	24
4	0.001	4	0.2	32
4	0.001	4	0.2	40
4	0.001	4	0.2	48
4	0.001	4	0.2	56
4	0.001	4	0.2	64
4	0.001	4	0.3	8
4	0.001	4	0.3	16
4	0.001	4	0.3	24
4	0.001	4	0.3	32
4	0.001	4	0.3	40
4	0.001	4	0.3	48
4	0.001	4	0.3	56
4	0.001	4	0.3	64
4	0.001	4	0.4	8
4	0.001	4	0.4	16
4	0.001	4	0.4	24
4	0.001	4	0.4	32
4	0.001	4	0.4	40
4	0.001	4	0.4	48
4	0.001	4	0.4	56
4	0.001	4	0.4	64
4	0.001	4	0.5	8
4	0.001	4	0.5	16
4	0.001	4	0.5	24
4	0.001	4	0.5	32
4	0.001	4	0.5	40
4	0.001	4	0.5	48
4	0.001	4	0.5	56
4	0.001	4	0.5	64
4	0.01	1	0.2	8
4	0.01	1	0.2	16
4	0.01	1	0.2	24
4	0.01	1	0.2	32
4	0.01	1	0.2	40
4	0.01	1	0.2	48
4	0.01	1	0.2	56
4	0.01	1	0.2	64
4	0.01	1	0.3	8
4	0.01	1	0.3	16
4	0.01	1	0.3	24
4	0.01	1	0.3	32
4	0.01	1	0.3	40
4	0.01	1	0.3	48
4	0.01	1	0.3	56
4	0.01	1	0.3	64
4	0.01	1	0.4	8
4	0.01	1	0.4	16
4	0.01	1	0.4	24
4	0.01	1	0.4	32
4	0.01	1	0.4	40
4	0.01	1	0.4	48
4	0.01	1	0.4	56
4	0.01	1	0.4	64
4	0.01	1	0.5	8
4	0.01	1	0.5	16
4	0.01	1	0.5	24
4	0.01	1	0.5	32
4	0.01	1	0.5	40
4	0.01	1	0.5	48
4	0.01	1	0.5	56
4	0.01	1	0.5	64
4	0.01	2	0.2	8
4	0.01	2	0.2	16
4	0.01	2	0.2	24
4	0.01	2	0.2	32
4	0.01	2	0.2	40
4	0.01	2	0.2	48
4	0.01	2	0.2	56
4	0.01	2	0.2	64
4	0.01	2	0.3	8
4	0.01	2	0.3	16
4	0.01	2	0.3	24
4	0.01	2	0.3	32
4	0.01	2	0.3	40
4	0.01	2	0.3	48
4	0.01	2	0.3	56
4	0.01	2	0.3	64
4	0.01	2	0.4	8
4	0.01	2	0.4	16
4	0.01	2	0.4	24
4	0.01	2	0.4	32
4	0.01	2	0.4	40
4	0.01	2	0.4	48
4	0.01	2	0.4	56
4	0.01	2	0.4	64
4	0.01	2	0.5	8
4	0.01	2	0.5	16
4	0.01	2	0.5	24
4	0.01	2	0.5	32
4	0.01	2	0.5	40
4	0.01	2	0.5	48
4	0.01	2	0.5	56
4	0.01	2	0.5	64
4	0.01	3	0.2	8
4	0.01	3	0.2	16
4	0.01	3	0.2	24
4	0.01	3	0.2	32
4	0.01	3	0.2	40
4	0.01	3	0.2	48
4	0.01	3	0.2	56
4	0.01	3	0.2	64
4	0.01	3	0.3	8
4	0.01	3	0.3	16
4	0.01	3	0.3	24
4	0.01	3	0.3	32
4	0.01	3	0.3	40
4	0.01	3	0.3	48
4	0.01	3	0.3	56
4	0.01	3	0.3	64
4	0.01	3	0.4	8
4	0.01	3	0.4	16
4	0.01	3	0.4	24
4	0.01	3	0.4	32
4	0.01	3	0.4	40
4	0.01	3	0.4	48
4	0.01	3	0.4	56
4	0.01	3	0.4	64
4	0.01	3	0.5	8
4	0.01	3	0.5	16
4	0.01	3	0.5	24
4	0.01	3	0.5	32
4	0.01	3	0.5	40
4	0.01	3	0.5	48
4	0.01	3	0.5	56
4	0.01	3	0.5	64
4	0.01	4	0.2	8
4	0.01	4	0.2	16
4	0.01	4	0.2	24
4	0.01	4	0.2	32
4	0.01	4	0.2	40
4	0.01	4	0.2	48
4	0.01	4	0.2	56
4	0.01	4	0.2	64
4	0.01	4	0.3	8
4	0.01	4	0.3	16
4	0.01	4	0.3	24
4	0.01	4	0.3	32
4	0.01	4	0.3	40
4	0.01	4	0.3	48
4	0.01	4	0.3	56
4	0.01	4	0.3	64
4	0.01	4	0.4	8
4	0.01	4	0.4	16
4	0.01	4	0.4	24
4	0.01	4	0.4	32
4	0.01	4	0.4	40
4	0.01	4	0.4	48
4	0.01	4	0.4	56
4	0.01	4	0.4	64
4	0.01	4	0.5	8
4	0.01	4	0.5	16
4	0.01	4	0.5	24
4	0.01	4	0.5	32
4	0.01	4	0.5	40
4	0.01	4	0.5	48
4	0.01	4	0.5	56
4	0.01	4	0.5	64
5	1e-08	1	0.2	8
5	1e-08	1	0.2	16
5	1e-08	1	0.2	24
5	1e-08	1	0.2	32
5	1e-08	1	0.2	40
5	1e-08	1	0.2	48
5	1e-08	1	0.2	56
5	1e-08	1	0.2	64
5	1e-08	1	0.3	8
5	1e-08	1	0.3	16
5	1e-08	1	0.3	24
5	1e-08	1	0.3	32
5	1e-08	1	0.3	40
5	1e-08	1	0.3	48
5	1e-08	1	0.3	56
5	1e-08	1	0.3	64
5	1e-08	1	0.4	8
5	1e-08	1	0.4	16
5	1e-08	1	0.4	24
5	1e-08	1	0.4	32
5	1e-08	1	0.4	40
5	1e-08	1	0.4	48
5	1e-08	1	0.4	56
5	1e-08	1	0.4	64
5	1e-08	1	0.5	8
5	1e-08	1	0.5	16
5	1e-08	1	0.5	24
5	1e-08	1	0.5	32
5	1e-08	1	0.5	40
5	1e-08	1	0.5	48
5	1e-08	1	0.5	56
5	1e-08	1	0.5	64
5	1e-08	2	0.2	8
5	1e-08	2	0.2	16
5	1e-08	2	0.2	24
5	1e-08	2	0.2	32
5	1e-08	2	0.2	40
5	1e-08	2	0.2	48
5	1e-08	2	0.2	56
5	1e-08	2	0.2	64
5	1e-08	2	0.3	8
5	1e-08	2	0.3	16
5	1e-08	2	0.3	24
5	1e-08	2	0.3	32
5	1e-08	2	0.3	40
5	1e-08	2	0.3	48
5	1e-08	2	0.3	56
5	1e-08	2	0.3	64
5	1e-08	2	0.4	8
5	1e-08	2	0.4	16
5	1e-08	2	0.4	24
5	1e-08	2	0.4	32
5	1e-08	2	0.4	40
5	1e-08	2	0.4	48
5	1e-08	2	0.4	56
5	1e-08	2	0.4	64
5	1e-08	2	0.5	8
5	1e-08	2	0.5	16
5	1e-08	2	0.5	24
5	1e-08	2	0.5	32
5	1e-08	2	0.5	40
5	1e-08	2	0.5	48
5	1e-08	2	0.5	56
5	1e-08	2	0.5	64
5	1e-08	3	0.2	8
5	1e-08	3	0.2	16
5	1e-08	3	0.2	24
5	1e-08	3	0.2	32
5	1e-08	3	0.2	40
5	1e-08	3	0.2	48
5	1e-08	3	0.2	56
5	1e-08	3	0.2	64
5	1e-08	3	0.3	8
5	1e-08	3	0.3	16
5	1e-08	3	0.3	24
5	1e-08	3	0.3	32
5	1e-08	3	0.3	40
5	1e-08	3	0.3	48
5	1e-08	3	0.3	56
5	1e-08	3	0.3	64
5	1e-08	3	0.4	8
5	1e-08	3	0.4	16
5	1e-08	3	0.4	24
5	1e-08	3	0.4	32
5	1e-08	3	0.4	40
5	1e-08	3	0.4	48
5	1e-08	3	0.4	56
5	1e-08	3	0.4	64
5	1e-08	3	0.5	8
5	1e-08	3	0.5	16
5	1e-08	3	0.5	24
5	1e-08	3	0.5	32
5	1e-08	3	0.5	40
5	1e-08	3	0.5	48
5	1e-08	3	0.5	56
5	1e-08	3	0.5	64
5	1e-08	4	0.2	8
5	1e-08	4	0.2	16
5	1e-08	4	0.2	24
5	1e-08	4	0.2	32
5	1e-08	4	0.2	40
5	1e-08	4	0.2	48
5	1e-08	4	0.2	56
5	1e-08	4	0.2	64
5	1e-08	4	0.3	8
5	1e-08	4	0.3	16
5	1e-08	4	0.3	24
5	1e-08	4	0.3	32
5	1e-08	4	0.3	40
5	1e-08	4	0.3	48
5	1e-08	4	0.3	56
5	1e-08	4	0.3	64
5	1e-08	4	0.4	8
5	1e-08	4	0.4	16
5	1e-08	4	0.4	24
5	1e-08	4	0.4	32
5	1e-08	4	0.4	40
5	1e-08	4	0.4	48
5	1e-08	4	0.4	56
5	1e-08	4	0.4	64
5	1e-08	4	0.5	8
5	1e-08	4	0.5	16
5	1e-08	4	0.5	24
5	1e-08	4	0.5	32
5	1e-08	4	0.5	40
5	1e-08	4	0.5	48
5	1e-08	4	0.5	56
5	1e-08	4	0.5	64
5	1e-07	1	0.2	8
5	1e-07	1	0.2	16
5	1e-07	1	0.2	24
5	1e-07	1	0.2	32
5	1e-07	1	0.2	40
5	1e-07	1	0.2	48
5	1e-07	1	0.2	56
5	1e-07	1	0.2	64
5	1e-07	1	0.3	8
5	1e-07	1	0.3	16
5	1e-07	1	0.3	24
5	1e-07	1	0.3	32
5	1e-07	1	0.3	40
5	1e-07	1	0.3	48
5	1e-07	1	0.3	56
5	1e-07	1	0.3	64
5	1e-07	1	0.4	8
5	1e-07	1	0.4	16
5	1e-07	1	0.4	24
5	1e-07	1	0.4	32
5	1e-07	1	0.4	40
5	1e-07	1	0.4	48
5	1e-07	1	0.4	56
5	1e-07	1	0.4	64
5	1e-07	1	0.5	8
5	1e-07	1	0.5	16
5	1e-07	1	0.5	24
5	1e-07	1	0.5	32
5	1e-07	1	0.5	40
5	1e-07	1	0.5	48
5	1e-07	1	0.5	56
5	1e-07	1	0.5	64
5	1e-07	2	0.2	8
5	1e-07	2	0.2	16
5	1e-07	2	0.2	24
5	1e-07	2	0.2	32
5	1e-07	2	0.2	40
5	1e-07	2	0.2	48
5	1e-07	2	0.2	56
5	1e-07	2	0.2	64
5	1e-07	2	0.3	8
5	1e-07	2	0.3	16
5	1e-07	2	0.3	24
5	1e-07	2	0.3	32
5	1e-07	2	0.3	40
5	1e-07	2	0.3	48
5	1e-07	2	0.3	56
5	1e-07	2	0.3	64
5	1e-07	2	0.4	8
5	1e-07	2	0.4	16
5	1e-07	2	0.4	24
5	1e-07	2	0.4	32
5	1e-07	2	0.4	40
5	1e-07	2	0.4	48
5	1e-07	2	0.4	56
5	1e-07	2	0.4	64
5	1e-07	2	0.5	8
5	1e-07	2	0.5	16
5	1e-07	2	0.5	24
5	1e-07	2	0.5	32
5	1e-07	2	0.5	40
5	1e-07	2	0.5	48
5	1e-07	2	0.5	56
5	1e-07	2	0.5	64
5	1e-07	3	0.2	8
5	1e-07	3	0.2	16
5	1e-07	3	0.2	24
5	1e-07	3	0.2	32
5	1e-07	3	0.2	40
5	1e-07	3	0.2	48
5	1e-07	3	0.2	56
5	1e-07	3	0.2	64
5	1e-07	3	0.3	8
5	1e-07	3	0.3	16
5	1e-07	3	0.3	24
5	1e-07	3	0.3	32
5	1e-07	3	0.3	40
5	1e-07	3	0.3	48
5	1e-07	3	0.3	56
5	1e-07	3	0.3	64
5	1e-07	3	0.4	8
5	1e-07	3	0.4	16
5	1e-07	3	0.4	24
5	1e-07	3	0.4	32
5	1e-07	3	0.4	40
5	1e-07	3	0.4	48
5	1e-07	3	0.4	56
5	1e-07	3	0.4	64
5	1e-07	3	0.5	8
5	1e-07	3	0.5	16
5	1e-07	3	0.5	24
5	1e-07	3	0.5	32
5	1e-07	3	0.5	40
5	1e-07	3	0.5	48
5	1e-07	3	0.5	56
5	1e-07	3	0.5	64
5	1e-07	4	0.2	8
5	1e-07	4	0.2	16
5	1e-07	4	0.2	24
5	1e-07	4	0.2	32
5	1e-07	4	0.2	40
5	1e-07	4	0.2	48
5	1e-07	4	0.2	56
5	1e-07	4	0.2	64
5	1e-07	4	0.3	8
5	1e-07	4	0.3	16
5	1e-07	4	0.3	24
5	1e-07	4	0.3	32
5	1e-07	4	0.3	40
5	1e-07	4	0.3	48
5	1e-07	4	0.3	56
5	1e-07	4	0.3	64
5	1e-07	4	0.4	8
5	1e-07	4	0.4	16
5	1e-07	4	0.4	24
5	1e-07	4	0.4	32
5	1e-07	4	0.4	40
5	1e-07	4	0.4	48
5	1e-07	4	0.4	56
5	1e-07	4	0.4	64
5	1e-07	4	0.5	8
5	1e-07	4	0.5	16
5	1e-07	4	0.5	24
5	1e-07	4	0.5	32
5	1e-07	4	0.5	40
5	1e-07	4	0.5	48
5	1e-07	4	0.5	56
5	1e-07	4	0.5	64
5	1e-06	1	0.2	8
5	1e-06	1	0.2	16
5	1e-06	1	0.2	24
5	1e-06	1	0.2	32
5	1e-06	1	0.2	40
5	1e-06	1	0.2	48
5	1e-06	1	0.2	56
5	1e-06	1	0.2	64
5	1e-06	1	0.3	8
5	1e-06	1	0.3	16
5	1e-06	1	0.3	24
5	1e-06	1	0.3	32
5	1e-06	1	0.3	40
5	1e-06	1	0.3	48
5	1e-06	1	0.3	56
5	1e-06	1	0.3	64
5	1e-06	1	0.4	8
5	1e-06	1	0.4	16
5	1e-06	1	0.4	24
5	1e-06	1	0.4	32
5	1e-06	1	0.4	40
5	1e-06	1	0.4	48
5	1e-06	1	0.4	56
5	1e-06	1	0.4	64
5	1e-06	1	0.5	8
5	1e-06	1	0.5	16
5	1e-06	1	0.5	24
5	1e-06	1	0.5	32
5	1e-06	1	0.5	40
5	1e-06	1	0.5	48
5	1e-06	1	0.5	56
5	1e-06	1	0.5	64
5	1e-06	2	0.2	8
5	1e-06	2	0.2	16
5	1e-06	2	0.2	24
5	1e-06	2	0.2	32
5	1e-06	2	0.2	40
5	1e-06	2	0.2	48
5	1e-06	2	0.2	56
5	1e-06	2	0.2	64
5	1e-06	2	0.3	8
5	1e-06	2	0.3	16
5	1e-06	2	0.3	24
5	1e-06	2	0.3	32
5	1e-06	2	0.3	40
5	1e-06	2	0.3	48
5	1e-06	2	0.3	56
5	1e-06	2	0.3	64
5	1e-06	2	0.4	8
5	1e-06	2	0.4	16
5	1e-06	2	0.4	24
5	1e-06	2	0.4	32
5	1e-06	2	0.4	40
5	1e-06	2	0.4	48
5	1e-06	2	0.4	56
5	1e-06	2	0.4	64
5	1e-06	2	0.5	8
5	1e-06	2	0.5	16
5	1e-06	2	0.5	24
5	1e-06	2	0.5	32
5	1e-06	2	0.5	40
5	1e-06	2	0.5	48
5	1e-06	2	0.5	56
5	1e-06	2	0.5	64
5	1e-06	3	0.2	8
5	1e-06	3	0.2	16
5	1e-06	3	0.2	24
5	1e-06	3	0.2	32
5	1e-06	3	0.2	40
5	1e-06	3	0.2	48
5	1e-06	3	0.2	56
5	1e-06	3	0.2	64
5	1e-06	3	0.3	8
5	1e-06	3	0.3	16
5	1e-06	3	0.3	24
5	1e-06	3	0.3	32
5	1e-06	3	0.3	40
5	1e-06	3	0.3	48
5	1e-06	3	0.3	56
5	1e-06	3	0.3	64
5	1e-06	3	0.4	8
5	1e-06	3	0.4	16
5	1e-06	3	0.4	24
5	1e-06	3	0.4	32
5	1e-06	3	0.4	40
5	1e-06	3	0.4	48
5	1e-06	3	0.4	56
5	1e-06	3	0.4	64
5	1e-06	3	0.5	8
5	1e-06	3	0.5	16
5	1e-06	3	0.5	24
5	1e-06	3	0.5	32
5	1e-06	3	0.5	40
5	1e-06	3	0.5	48
5	1e-06	3	0.5	56
5	1e-06	3	0.5	64
5	1e-06	4	0.2	8
5	1e-06	4	0.2	16
5	1e-06	4	0.2	24
5	1e-06	4	0.2	32
5	1e-06	4	0.2	40
5	1e-06	4	0.2	48
5	1e-06	4	0.2	56
5	1e-06	4	0.2	64
5	1e-06	4	0.3	8
5	1e-06	4	0.3	16
5	1e-06	4	0.3	24
5	1e-06	4	0.3	32
5	1e-06	4	0.3	40
5	1e-06	4	0.3	48
5	1e-06	4	0.3	56
5	1e-06	4	0.3	64
5	1e-06	4	0.4	8
5	1e-06	4	0.4	16
5	1e-06	4	0.4	24
5	1e-06	4	0.4	32
5	1e-06	4	0.4	40
5	1e-06	4	0.4	48
5	1e-06	4	0.4	56
5	1e-06	4	0.4	64
5	1e-06	4	0.5	8
5	1e-06	4	0.5	16
5	1e-06	4	0.5	24
5	1e-06	4	0.5	32
5	1e-06	4	0.5	40
5	1e-06	4	0.5	48
5	1e-06	4	0.5	56
5	1e-06	4	0.5	64
5	1e-05	1	0.2	8
5	1e-05	1	0.2	16
5	1e-05	1	0.2	24
5	1e-05	1	0.2	32
5	1e-05	1	0.2	40
5	1e-05	1	0.2	48
5	1e-05	1	0.2	56
5	1e-05	1	0.2	64
5	1e-05	1	0.3	8
5	1e-05	1	0.3	16
5	1e-05	1	0.3	24
5	1e-05	1	0.3	32
5	1e-05	1	0.3	40
5	1e-05	1	0.3	48
5	1e-05	1	0.3	56
5	1e-05	1	0.3	64
5	1e-05	1	0.4	8
5	1e-05	1	0.4	16
5	1e-05	1	0.4	24
5	1e-05	1	0.4	32
5	1e-05	1	0.4	40
5	1e-05	1	0.4	48
5	1e-05	1	0.4	56
5	1e-05	1	0.4	64
5	1e-05	1	0.5	8
5	1e-05	1	0.5	16
5	1e-05	1	0.5	24
5	1e-05	1	0.5	32
5	1e-05	1	0.5	40
5	1e-05	1	0.5	48
5	1e-05	1	0.5	56
5	1e-05	1	0.5	64
5	1e-05	2	0.2	8
5	1e-05	2	0.2	16
5	1e-05	2	0.2	24
5	1e-05	2	0.2	32
5	1e-05	2	0.2	40
5	1e-05	2	0.2	48
5	1e-05	2	0.2	56
5	1e-05	2	0.2	64
5	1e-05	2	0.3	8
5	1e-05	2	0.3	16
5	1e-05	2	0.3	24
5	1e-05	2	0.3	32
5	1e-05	2	0.3	40
5	1e-05	2	0.3	48
5	1e-05	2	0.3	56
5	1e-05	2	0.3	64
5	1e-05	2	0.4	8
5	1e-05	2	0.4	16
5	1e-05	2	0.4	24
5	1e-05	2	0.4	32
5	1e-05	2	0.4	40
5	1e-05	2	0.4	48
5	1e-05	2	0.4	56
5	1e-05	2	0.4	64
5	1e-05	2	0.5	8
5	1e-05	2	0.5	16
5	1e-05	2	0.5	24
5	1e-05	2	0.5	32
5	1e-05	2	0.5	40
5	1e-05	2	0.5	48
5	1e-05	2	0.5	56
5	1e-05	2	0.5	64
5	1e-05	3	0.2	8
5	1e-05	3	0.2	16
5	1e-05	3	0.2	24
5	1e-05	3	0.2	32
5	1e-05	3	0.2	40
5	1e-05	3	0.2	48
5	1e-05	3	0.2	56
5	1e-05	3	0.2	64
5	1e-05	3	0.3	8
5	1e-05	3	0.3	16
5	1e-05	3	0.3	24
5	1e-05	3	0.3	32
5	1e-05	3	0.3	40
5	1e-05	3	0.3	48
5	1e-05	3	0.3	56
5	1e-05	3	0.3	64
5	1e-05	3	0.4	8
5	1e-05	3	0.4	16
5	1e-05	3	0.4	24
5	1e-05	3	0.4	32
5	1e-05	3	0.4	40
5	1e-05	3	0.4	48
5	1e-05	3	0.4	56
5	1e-05	3	0.4	64
5	1e-05	3	0.5	8
5	1e-05	3	0.5	16
5	1e-05	3	0.5	24
5	1e-05	3	0.5	32
5	1e-05	3	0.5	40
5	1e-05	3	0.5	48
5	1e-05	3	0.5	56
5	1e-05	3	0.5	64
5	1e-05	4	0.2	8
5	1e-05	4	0.2	16
5	1e-05	4	0.2	24
5	1e-05	4	0.2	32
5	1e-05	4	0.2	40
5	1e-05	4	0.2	48
5	1e-05	4	0.2	56
5	1e-05	4	0.2	64
5	1e-05	4	0.3	8
5	1e-05	4	0.3	16
5	1e-05	4	0.3	24
5	1e-05	4	0.3	32
5	1e-05	4	0.3	40
5	1e-05	4	0.3	48
5	1e-05	4	0.3	56
5	1e-05	4	0.3	64
5	1e-05	4	0.4	8
5	1e-05	4	0.4	16
5	1e-05	4	0.4	24
5	1e-05	4	0.4	32
5	1e-05	4	0.4	40
5	1e-05	4	0.4	48
5	1e-05	4	0.4	56
5	1e-05	4	0.4	64
5	1e-05	4	0.5	8
5	1e-05	4	0.5	16
5	1e-05	4	0.5	24
5	1e-05	4	0.5	32
5	1e-05	4	0.5	40
5	1e-05	4	0.5	48
5	1e-05	4	0.5	56
5	1e-05	4	0.5	64
5	1e-04	1	0.2	8
5	1e-04	1	0.2	16
5	1e-04	1	0.2	24
5	1e-04	1	0.2	32
5	1e-04	1	0.2	40
5	1e-04	1	0.2	48
5	1e-04	1	0.2	56
5	1e-04	1	0.2	64
5	1e-04	1	0.3	8
5	1e-04	1	0.3	16
5	1e-04	1	0.3	24
5	1e-04	1	0.3	32
5	1e-04	1	0.3	40
5	1e-04	1	0.3	48
5	1e-04	1	0.3	56
5	1e-04	1	0.3	64
5	1e-04	1	0.4	8
5	1e-04	1	0.4	16
5	1e-04	1	0.4	24
5	1e-04	1	0.4	32
5	1e-04	1	0.4	40
5	1e-04	1	0.4	48
5	1e-04	1	0.4	56
5	1e-04	1	0.4	64
5	1e-04	1	0.5	8
5	1e-04	1	0.5	16
5	1e-04	1	0.5	24
5	1e-04	1	0.5	32
5	1e-04	1	0.5	40
5	1e-04	1	0.5	48
5	1e-04	1	0.5	56
5	1e-04	1	0.5	64
5	1e-04	2	0.2	8
5	1e-04	2	0.2	16
5	1e-04	2	0.2	24
5	1e-04	2	0.2	32
5	1e-04	2	0.2	40
5	1e-04	2	0.2	48
5	1e-04	2	0.2	56
5	1e-04	2	0.2	64
5	1e-04	2	0.3	8
5	1e-04	2	0.3	16
5	1e-04	2	0.3	24
5	1e-04	2	0.3	32
5	1e-04	2	0.3	40
5	1e-04	2	0.3	48
5	1e-04	2	0.3	56
5	1e-04	2	0.3	64
5	1e-04	2	0.4	8
5	1e-04	2	0.4	16
5	1e-04	2	0.4	24
5	1e-04	2	0.4	32
5	1e-04	2	0.4	40
5	1e-04	2	0.4	48
5	1e-04	2	0.4	56
5	1e-04	2	0.4	64
5	1e-04	2	0.5	8
5	1e-04	2	0.5	16
5	1e-04	2	0.5	24
5	1e-04	2	0.5	32
5	1e-04	2	0.5	40
5	1e-04	2	0.5	48
5	1e-04	2	0.5	56
5	1e-04	2	0.5	64
5	1e-04	3	0.2	8
5	1e-04	3	0.2	16
5	1e-04	3	0.2	24
5	1e-04	3	0.2	32
5	1e-04	3	0.2	40
5	1e-04	3	0.2	48
5	1e-04	3	0.2	56
5	1e-04	3	0.2	64
5	1e-04	3	0.3	8
5	1e-04	3	0.3	16
5	1e-04	3	0.3	24
5	1e-04	3	0.3	32
5	1e-04	3	0.3	40
5	1e-04	3	0.3	48
5	1e-04	3	0.3	56
5	1e-04	3	0.3	64
5	1e-04	3	0.4	8
5	1e-04	3	0.4	16
5	1e-04	3	0.4	24
5	1e-04	3	0.4	32
5	1e-04	3	0.4	40
5	1e-04	3	0.4	48
5	1e-04	3	0.4	56
5	1e-04	3	0.4	64
5	1e-04	3	0.5	8
5	1e-04	3	0.5	16
5	1e-04	3	0.5	24
5	1e-04	3	0.5	32
5	1e-04	3	0.5	40
5	1e-04	3	0.5	48
5	1e-04	3	0.5	56
5	1e-04	3	0.5	64
5	1e-04	4	0.2	8
5	1e-04	4	0.2	16
5	1e-04	4	0.2	24
5	1e-04	4	0.2	32
5	1e-04	4	0.2	40
5	1e-04	4	0.2	48
5	1e-04	4	0.2	56
5	1e-04	4	0.2	64
5	1e-04	4	0.3	8
5	1e-04	4	0.3	16
5	1e-04	4	0.3	24
5	1e-04	4	0.3	32
5	1e-04	4	0.3	40
5	1e-04	4	0.3	48
5	1e-04	4	0.3	56
5	1e-04	4	0.3	64
5	1e-04	4	0.4	8
5	1e-04	4	0.4	16
5	1e-04	4	0.4	24
5	1e-04	4	0.4	32
5	1e-04	4	0.4	40
5	1e-04	4	0.4	48
5	1e-04	4	0.4	56
5	1e-04	4	0.4	64
5	1e-04	4	0.5	8
5	1e-04	4	0.5	16
5	1e-04	4	0.5	24
5	1e-04	4	0.5	32
5	1e-04	4	0.5	40
5	1e-04	4	0.5	48
5	1e-04	4	0.5	56
5	1e-04	4	0.5	64
5	0.001	1	0.2	8
5	0.001	1	0.2	16
5	0.001	1	0.2	24
5	0.001	1	0.2	32
5	0.001	1	0.2	40
5	0.001	1	0.2	48
5	0.001	1	0.2	56
5	0.001	1	0.2	64
5	0.001	1	0.3	8
5	0.001	1	0.3	16
5	0.001	1	0.3	24
5	0.001	1	0.3	32
5	0.001	1	0.3	40
5	0.001	1	0.3	48
5	0.001	1	0.3	56
5	0.001	1	0.3	64
5	0.001	1	0.4	8
5	0.001	1	0.4	16
5	0.001	1	0.4	24
5	0.001	1	0.4	32
5	0.001	1	0.4	40
5	0.001	1	0.4	48
5	0.001	1	0.4	56
5	0.001	1	0.4	64
5	0.001	1	0.5	8
5	0.001	1	0.5	16
5	0.001	1	0.5	24
5	0.001	1	0.5	32
5	0.001	1	0.5	40
5	0.001	1	0.5	48
5	0.001	1	0.5	56
5	0.001	1	0.5	64
5	0.001	2	0.2	8
5	0.001	2	0.2	16
5	0.001	2	0.2	24
5	0.001	2	0.2	32
5	0.001	2	0.2	40
5	0.001	2	0.2	48
5	0.001	2	0.2	56
5	0.001	2	0.2	64
5	0.001	2	0.3	8
5	0.001	2	0.3	16
5	0.001	2	0.3	24
5	0.001	2	0.3	32
5	0.001	2	0.3	40
5	0.001	2	0.3	48
5	0.001	2	0.3	56
5	0.001	2	0.3	64
5	0.001	2	0.4	8
5	0.001	2	0.4	16
5	0.001	2	0.4	24
5	0.001	2	0.4	32
5	0.001	2	0.4	40
5	0.001	2	0.4	48
5	0.001	2	0.4	56
5	0.001	2	0.4	64
5	0.001	2	0.5	8
5	0.001	2	0.5	16
5	0.001	2	0.5	24
5	0.001	2	0.5	32
5	0.001	2	0.5	40
5	0.001	2	0.5	48
5	0.001	2	0.5	56
5	0.001	2	0.5	64
5	0.001	3	0.2	8
5	0.001	3	0.2	16
5	0.001	3	0.2	24
5	0.001	3	0.2	32
5	0.001	3	0.2	40
5	0.001	3	0.2	48
5	0.001	3	0.2	56
5	0.001	3	0.2	64
5	0.001	3	0.3	8
5	0.001	3	0.3	16
5	0.001	3	0.3	24
5	0.001	3	0.3	32
5	0.001	3	0.3	40
5	0.001	3	0.3	48
5	0.001	3	0.3	56
5	0.001	3	0.3	64
5	0.001	3	0.4	8
5	0.001	3	0.4	16
5	0.001	3	0.4	24
5	0.001	3	0.4	32
5	0.001	3	0.4	40
5	0.001	3	0.4	48
5	0.001	3	0.4	56
5	0.001	3	0.4	64
5	0.001	3	0.5	8
5	0.001	3	0.5	16
5	0.001	3	0.5	24
5	0.001	3	0.5	32
5	0.001	3	0.5	40
5	0.001	3	0.5	48
5	0.001	3	0.5	56
5	0.001	3	0.5	64
5	0.001	4	0.2	8
5	0.001	4	0.2	16
5	0.001	4	0.2	24
5	0.001	4	0.2	32
5	0.001	4	0.2	40
5	0.001	4	0.2	48
5	0.001	4	0.2	56
5	0.001	4	0.2	64
5	0.001	4	0.3	8
5	0.001	4	0.3	16
5	0.001	4	0.3	24
5	0.001	4	0.3	32
5	0.001	4	0.3	40
5	0.001	4	0.3	48
5	0.001	4	0.3	56
5	0.001	4	0.3	64
5	0.001	4	0.4	8
5	0.001	4	0.4	16
5	0.001	4	0.4	24
5	0.001	4	0.4	32
5	0.001	4	0.4	40
5	0.001	4	0.4	48
5	0.001	4	0.4	56
5	0.001	4	0.4	64
5	0.001	4	0.5	8
5	0.001	4	0.5	16
5	0.001	4	0.5	24
5	0.001	4	0.5	32
5	0.001	4	0.5	40
5	0.001	4	0.5	48
5	0.001	4	0.5	56
5	0.001	4	0.5	64
5	0.01	1	0.2	8
5	0.01	1	0.2	16
5	0.01	1	0.2	24
5	0.01	1	0.2	32
5	0.01	1	0.2	40
5	0.01	1	0.2	48
5	0.01	1	0.2	56
5	0.01	1	0.2	64
5	0.01	1	0.3	8
5	0.01	1	0.3	16
5	0.01	1	0.3	24
5	0.01	1	0.3	32
5	0.01	1	0.3	40
5	0.01	1	0.3	48
5	0.01	1	0.3	56
5	0.01	1	0.3	64
5	0.01	1	0.4	8
5	0.01	1	0.4	16
5	0.01	1	0.4	24
5	0.01	1	0.4	32
5	0.01	1	0.4	40
5	0.01	1	0.4	48
5	0.01	1	0.4	56
5	0.01	1	0.4	64
5	0.01	1	0.5	8
5	0.01	1	0.5	16
5	0.01	1	0.5	24
5	0.01	1	0.5	32
5	0.01	1	0.5	40
5	0.01	1	0.5	48
5	0.01	1	0.5	56
5	0.01	1	0.5	64
5	0.01	2	0.2	8
5	0.01	2	0.2	16
5	0.01	2	0.2	24
5	0.01	2	0.2	32
5	0.01	2	0.2	40
5	0.01	2	0.2	48
5	0.01	2	0.2	56
5	0.01	2	0.2	64
5	0.01	2	0.3	8
5	0.01	2	0.3	16
5	0.01	2	0.3	24
5	0.01	2	0.3	32
5	0.01	2	0.3	40
5	0.01	2	0.3	48
5	0.01	2	0.3	56
5	0.01	2	0.3	64
5	0.01	2	0.4	8
5	0.01	2	0.4	16
5	0.01	2	0.4	24
5	0.01	2	0.4	32
5	0.01	2	0.4	40
5	0.01	2	0.4	48
5	0.01	2	0.4	56
5	0.01	2	0.4	64
5	0.01	2	0.5	8
5	0.01	2	0.5	16
5	0.01	2	0.5	24
5	0.01	2	0.5	32
5	0.01	2	0.5	40
5	0.01	2	0.5	48
5	0.01	2	0.5	56
5	0.01	2	0.5	64
5	0.01	3	0.2	8
5	0.01	3	0.2	16
5	0.01	3	0.2	24
5	0.01	3	0.2	32
5	0.01	3	0.2	40
5	0.01	3	0.2	48
5	0.01	3	0.2	56
5	0.01	3	0.2	64
5	0.01	3	0.3	8
5	0.01	3	0.3	16
5	0.01	3	0.3	24
5	0.01	3	0.3	32
5	0.01	3	0.3	40
5	0.01	3	0.3	48
5	0.01	3	0.3	56
5	0.01	3	0.3	64
5	0.01	3	0.4	8
5	0.01	3	0.4	16
5	0.01	3	0.4	24
5	0.01	3	0.4	32
5	0.01	3	0.4	40
5	0.01	3	0.4	48
5	0.01	3	0.4	56
5	0.01	3	0.4	64
5	0.01	3	0.5	8
5	0.01	3	0.5	16
5	0.01	3	0.5	24
5	0.01	3	0.5	32
5	0.01	3	0.5	40
5	0.01	3	0.5	48
5	0.01	3	0.5	56
5	0.01	3	0.5	64
5	0.01	4	0.2	8
5	0.01	4	0.2	16
5	0.01	4	0.2	24
5	0.01	4	0.2	32
5	0.01	4	0.2	40
5	0.01	4	0.2	48
5	0.01	4	0.2	56
5	0.01	4	0.2	64
5	0.01	4	0.3	8
5	0.01	4	0.3	16
5	0.01	4	0.3	24
5	0.01	4	0.3	32
5	0.01	4	0.3	40
5	0.01	4	0.3	48
5	0.01	4	0.3	56
5	0.01	4	0.3	64
5	0.01	4	0.4	8
5	0.01	4	0.4	16
5	0.01	4	0.4	24
5	0.01	4	0.4	32
5	0.01	4	0.4	40
5	0.01	4	0.4	48
5	0.01	4	0.4	56
5	0.01	4	0.4	64
5	0.01	4	0.5	8
5	0.01	4	0.5	16
5	0.01	4	0.5	24
5	0.01	4	0.5	32
5	0.01	4	0.5	40
5	0.01	4	0.5	48
5	0.01	4	0.5	56
5	0.01	4	0.5	64